1.076397306159916241e+02
4.333452554511296739e-02
3.897662186149278085e+01
8.966512973503608919e+01
1.075684562649276472e+02
3.505665414366952604e+01
6.244141057723980737e+01
3.457383315831904014e+01
1.541529185756107267e+01
4.528468731277127546e+01
1.503431702970768669e+01
1.303649420683042592e+01
-1.309511582083585779e+01
5.769758035250220018e+01
8.854621452419253558e+01
4.793791125920152041e+01
6.172976819545506544e+01
-2.346438726959448218e+00
2.951186171554093463e+01
4.243399064654506248e+01
2.808681318075945654e+01
4.477705911136008865e+01
2.394049274356348178e+01
7.841043126781138994e+01
3.712348369618807453e+01
6.547180590699321101e+01
-1.292963293631090949e+01
2.123971967312234810e+01
-5.999858643528646951e+00
5.217636156367729683e+01
-1.267399865337200282e+01
3.422133177309230234e+01
8.218211998840574495e+01
1.263995396501606194e+02
7.531332304351460039e+01
3.313067606672188958e+01
3.407356405030824931e+01
6.362820529012510207e+01
6.240157649072279611e+01
6.986004402975380856e+01
5.264166862145722803e+01
3.923990341753952293e+01
6.544628922251115455e+01
8.554309471524058495e+01
5.294471276869084875e+01
8.223919422876124941e+01
-5.994555907302607523e+01
8.737029849481223209e+01
6.958921221641105603e+01
8.554616837345142244e+01
9.602144550943199874e+01
5.795401441923730346e+01
4.365437241068182317e+01
6.729677791500111539e+01
4.058495324773663526e+01
2.358089529930489547e+01
4.480539558279930645e+01
5.970934132428259034e+01
2.002220877911040731e+01
2.849977650810090424e+01
6.688164093081581996e+01
5.815439883735650994e+01
4.718333846100367168e+01
6.549472597243511984e+01
5.283159961996543075e+01
-3.699452125729749241e+00
5.387942780920207042e+01
2.455321147525964420e+01
7.640769627360113248e+01
1.311212722193003231e+02
4.678427897510431421e+00
4.997226044311967996e+01
2.485419742438963908e+01
6.482249024103124668e+01
7.170463240297080176e+01
2.177436486096200952e+01
4.393088102117692273e+01
7.319921763871863618e+01
1.324987530791852919e+01
4.562695039317641488e+01
3.452980769935967942e+01
3.241989761222801292e+01
5.759797270598871677e+01
5.100228037944680892e+01
1.044419232074786663e+01
-2.070891535152705387e+01
5.202105675293781673e+01
1.290485288199332956e+02
2.895912655848836437e+01
5.272716425149873487e+01
5.492900823350777983e+01
4.071046999621631812e+01
6.397801394655163421e+01
2.221899562180155385e+01
6.781270514502122637e+01
5.429238453200580494e+01
3.682167467597331978e+01
3.753888404862397721e+01
3.750610654148051282e+01
9.987843785848374978e+01
9.361785403833903274e+01
8.776356385845011232e+01
8.196361024612650681e+01
5.476640755166364727e+01
8.346756317189951346e+01
7.116170260154240168e+01
7.724590645575901249e+01
4.760164881674425885e+01
2.361385105169163978e+01
4.361152385689121047e+01
6.618729079297521878e+01
5.640178853959378102e+01
7.742071936133352494e+01
5.495605055371449055e+01
9.701089247039337238e+01
3.375081135712171232e+01
-3.221265860167981998e+00
4.541528759827868811e+01
5.363443814650316455e+01
3.024696669510633029e+01
8.609407083286586726e+01
1.179743355541703949e+02
4.232213224562747200e+01
1.655673833753849777e+01
8.799963370099091264e+01
6.690994405871879280e+01
7.015101512608899270e+01
1.272305957209692195e+02
5.953625198639021932e+01
1.118436074442868176e+02
-1.555443184749739771e+01
4.740061221634557143e+01
4.892981702037133118e+01
8.859686561887909306e+01
2.644302330161234593e+01
8.795976436719710989e+01
-1.409509232458859174e+01
8.561739632126503352e+00
4.871030118620716820e+01
2.850147536464831433e+00
3.039786033310821622e+01
6.203226230741593383e+01
5.078134933428546560e+01
8.050102754010929118e+01
5.885727271800615057e+01
-8.978042650463969210e+00
5.524015451371724339e-01
7.741589487778620082e+01
1.078855275598351398e+02
6.885769972439834419e+01
6.388517635312680198e+01
5.848844490196282209e+01
6.626461078704650731e-01
3.884686481154099624e+01
8.905057098585641029e+01
3.435175639181785812e+01
4.550779805146530776e+01
6.238648925055027661e+01
8.753111082650335106e+01
7.802147130501910510e+01
4.094209920037403094e+01
6.916386549904302683e+01
1.904330661248733136e+01
9.140755265006819741e+01
5.013040452460444385e+01
6.972142921924394443e+01
1.561094107348850457e+01
7.020498367154870323e+01
6.133794461326385772e+01
5.158392428411209352e+01
5.276869241759396090e+01
2.659816863768577377e+01
7.421892101266492148e+01
4.676169322609502643e+01
9.480832871372365389e+01
-4.322995491624219255e+00
5.332424929274890957e+01
1.071991941601431222e+02
4.565116750553880820e+01
8.349261911906278044e+01
1.002986486332150093e+02
7.725138395660424351e+01
3.453381597310502826e+01
4.887726011384946645e+01
8.516548620567294847e+01
9.366445712664500434e+01
7.848247604164515678e+01
2.887812039153147126e+01
1.661520659264021447e+02
7.167241128530443461e+01
1.474773082535548951e+01
8.183485929088435284e+01
4.701404632819459550e+01
8.128134880497547954e+00
8.627290926718067965e+00
8.534576017699805561e+01
3.275863206803693828e+01
3.649164607553213813e+01
1.072139689407047598e+02
4.879837766625263384e+01
1.005486503628174546e+02
6.623691274829349140e+01
2.335196252827015329e+01
3.299566591289168116e+01
4.260330695825355463e+01
2.823355723539921058e+01
7.280207910272721961e+01
3.975415151130336966e+01
5.966866050449598191e+01
6.657783661540054254e+01
6.789627429383267554e+01
2.177166658804392085e+01
9.518469259139871497e+01
3.505644563419927806e+01
5.876561163626766415e+01
4.979277257445664873e+01
6.530002553507705443e+01
6.934849710945030665e+00
-2.782501894095939576e+01
4.224147544129835552e+01
4.078515277371553083e+01
3.143810869906696226e+01
6.514998270229541788e+01
4.171683735991447151e+01
3.286293223916980821e+01
3.544819884738441829e+01
4.975968275452860468e+01
5.383950829714389386e+01
3.299794968140675167e+01
7.480867345151958148e+01
-2.807082913727626305e+01
2.892755447841473071e+01
-4.834085192341821369e+01
3.030647928165436511e+01
8.150010832068697653e+01
5.913945216207328315e+01
8.828020288187639153e+01
3.163984961021082043e+01
8.680119760920057104e+01
9.009416882250012293e+01
6.995505250728801627e+01
1.131958052852959327e+02
9.136857149744699313e+01
2.956314921425729381e+01
5.347936948720931838e+01
4.292467839264020313e+01
7.495781542969146471e+01
2.149276659379873777e+01
4.562884430929047141e+01
2.764928687803978846e+01
7.793768123633378764e+01
8.805714599148910793e+01
9.118406528129699495e+01
6.762776970093928242e+01
3.096329022274884579e+01
3.653257054307775320e+01
1.797458387499887067e+00
4.032144711740252774e+01
7.933360363942945526e+01
6.591894388379782299e+01
4.471833461415441491e+01
3.017379342172754164e+01
6.344880323038776027e+01
4.213681039641784309e+00
7.292223967824703834e+00
5.709742524481307413e+01
3.998062525805370626e+01
1.243573586036432346e+02
7.571051914628327495e+01
5.995813868596306406e+01
3.515118424990394885e+01
8.109411223886438336e+01
9.295196702544792799e+01
2.853076574083311101e+01
6.945774276705341777e+01
4.143898742364049070e+01
6.447739223732418168e+01
6.001965530109576008e+01
5.302524846731363084e+01
6.179597248236158435e+01
2.903028974217304281e+01
7.070811789509278356e+01
5.618451493387106410e+01
8.030306325029550862e+01
6.925214396588989985e+01
8.889568501836342307e+01
2.365630935870334639e+01
5.389136094154806500e+01
6.050988745314629824e+01
7.036042393037162412e+01
4.564099885705439164e+01
5.928828362167153898e+01
-2.154352841835134313e-01
4.745966644780489219e+01
6.428402317276896838e+01
8.994608901374463983e+01
4.179794294775833663e+01
7.182126727618670259e+01
1.126691931022330948e+02
9.396488690724596893e+01
5.338283640168708644e+01
6.175333082852112199e+01
3.802441635226788463e+01
1.551179726570369155e+01
5.318210947815217793e+01
2.663794530992333165e+01
3.098709900632589864e+01
2.801662114015944027e+01
-4.389118956066113242e+01
1.122207225423375263e+02
5.189708597465617856e+01
8.159141182545158699e+01
4.637167261828100351e+01
5.434580647267480202e+01
3.378235520943756853e+01
4.849598250549081513e+01
5.013687517419804607e+01
4.551610023909760372e+01
2.370229476887803344e+01
4.886222361820607318e+01
4.212165298193220053e+01
4.462721665022892381e+01
8.095011416564034334e+01
9.997678579899570650e+01
6.701736930926662694e+01
1.796295705255335662e+01
2.889731005704492262e+01
1.097062662865297682e+02
9.084803296117350158e+01
2.716568474151755908e+01
6.769148716315379488e+01
7.414708555550025437e+01
6.357772561855106375e+01
9.099684425936484899e+01
2.072354467772195008e+01
2.424651274402903667e+01
6.725498342824849374e+00
8.414102322220831809e+01
4.965746620120152244e+01
5.294198540387257168e+01
2.898943842949352145e+01
5.291258657682354993e+01
5.300624849451599374e+01
6.862646812644823058e+01
-1.115603539326050253e+01
7.918920464646677715e+01
3.668573147826680270e+01
8.601733193251351395e+01
4.218033658167366440e+01
3.942918059708852496e+01
7.773537407515537723e+01
5.163890994543755397e+01
6.700582645759288880e+01
2.821461298932751305e+01
1.003846118154323790e+02
1.273910915323343573e+01
1.636026184354292923e+01
3.648178084961785572e+01
5.781067567067078272e+01
4.363729631029961809e+01
3.379206358387239106e+01
6.351423602944248614e+01
7.944833091598765407e+01
5.011164389542044262e+01
5.094414399580700348e+01
5.489549399977850186e+01
2.146215801485121588e+01
9.928798653563561061e+01
7.812480178339995973e+01
6.558681181681929218e+01
4.790962911043859407e+01
2.407479589723353186e+01
3.562867427203341464e+01
3.133197199294358271e+01
7.961445427278917464e+01
5.949528698950917516e+01
5.667884305433962311e+01
3.636406963190368913e+01
5.275482952485351262e+01
5.562252217830253187e+01
8.728830314767566279e+01
3.655315448077953988e+01
7.480700500782664619e+01
4.689335993351193821e+01
7.563824585529235378e+01
4.493198871732177935e+01
5.728162751972951128e+01
5.074644596987401712e+01
2.266836700971284202e+01
2.278412334339987311e+01
5.079158625623285417e+01
6.467693093140096039e+01
5.951202975122397731e+01
6.701124407229235658e+01
6.739248867055485448e+01
4.462840826884734469e+01
9.230524495663750884e+00
3.501973827404980000e+01
5.150371052907340896e+01
8.623007939968601931e+01
2.155952674458099594e+01
-9.485121111946448025e+00
7.976245579208965353e+01
6.574502543618277173e+01
9.302922962637231308e+01
7.625420197425526680e+01
4.887918403828034997e+01
4.643194285691338052e+01
6.111565344231360086e+01
3.888925587587071675e+01
3.012221964835372390e+01
4.716106761909031064e+01
7.269573764843130448e+01
3.652000888142507762e+01
4.150068898120131422e+01
3.858407383016777459e+01
5.758452281171744858e+01
4.159832567441095108e+01
2.460116276850909856e+01
5.122983906207197435e+01
3.745536346325182109e+01
-2.881045513426172988e+00
1.853650052757251743e+01
4.167082067626808595e+01
-2.681770211817877225e+00
4.923959008787364411e+01
5.904419219306886646e+01
2.414442597759370202e+01
6.477762030940496629e+01
7.868251866943845130e+01
7.331485116861078666e+01
1.618488503681561497e+01
3.283890200099830992e+01
4.386548121015754731e+01
2.908064327969867335e+01
2.711644691629280501e+01
6.759299854983458999e+01
-2.800042894463049947e+01
8.061658958848535406e+01
8.555916181742728099e+01
7.633300282691033090e+01
4.086461514522492422e+01
6.528142786838553491e+01
1.137883495536822664e+01
1.960299776126312565e+00
3.476255846329934229e+01
-1.590052230871108918e+01
8.404926176852239905e+01
3.806497900417778624e+01
7.004896550405214839e+01
1.958722704952276317e+01
9.410882493012604755e+01
2.529636863136093439e+01
7.567343567971603591e+01
-5.724300007360959341e+00
5.169237829418634078e+01
2.867032859497904695e+01
6.133567602380450978e+01
2.613277440431096466e+01
6.726968280736448946e+01
5.507732849192315427e+00
5.257496925552226941e+01
8.881625129809934549e+01
6.205381059740388849e+01
1.035845174653660337e+02
1.211163531446496933e+01
5.946103986982060974e+01
7.297971300158120300e+01
6.392167982374784430e+01
1.003100107911953103e+02
1.800972646870177485e+01
5.319586140072321712e+01
2.699322309150801757e+01
2.256055732610840892e+01
7.194441867272161062e+01
-2.434123862001810323e+01
5.960149287005731367e+01
9.169650757296784604e+01
4.129928296815852917e+01
9.259392961587658988e+01
5.596461100089354090e+01
1.963726708534215604e+01
3.603405160625433012e+01
5.283577640967374833e+01
2.642360161973596178e+01
2.897217925086993162e+01
5.333805037308203367e+01
4.110025276785250981e+01
5.376300338309521720e+01
6.669029046777531278e+00
-3.786483820918149945e+00
5.382740950377554867e+01
4.413613018420483058e+01
6.139179356787506947e+01
4.065944536478879456e+01
4.200934603411965185e+01
4.442468510518784086e+01
6.131894614892783579e+01
6.864057565776246861e+01
5.740519541158520411e+01
3.290218475375155549e+01
1.464722654812823066e+01
4.578008863125138816e+01
1.156383371156019848e+02
1.386098157351636360e+02
1.182617015017983420e+02
9.893615827630998183e+01
1.556931495879639158e+02
1.471572959934858886e+02
7.797083481686686923e+01
6.629993836142509167e+01
1.599994755719786212e+02
7.609546343617122943e+01
8.755251524551715647e+01
9.662244528163719792e+01
1.291648441141363719e+02
1.643197983041164889e+01
9.168665604119954082e+01
1.261789878532705131e+02
1.481415620744328976e+02
8.063016990765635228e+01
9.788538049211112479e+01
9.220845291978559999e+01
8.790986174466006275e+01
6.841707903433494664e+01
1.352687617096243002e+02
1.437643554961925361e+02
9.518648879909524396e+01
1.498190540623211859e+02
7.384719926670112500e+01
1.531454778548592799e+02
1.508440273260687263e+02
9.278635084389263454e+01
1.066404684041020801e+02
6.709418959284340644e+01
1.194482081738093342e+02
2.289384781992673368e+01
1.069640920689626569e+02
2.226165179692324614e+01
9.538188769068113970e+01
1.468707084927484630e+02
1.702712502400705432e+02
1.095611584583490412e+02
7.987621847662984464e+01
5.630605491814637276e+01
8.921501863456742853e+01
1.034390021783191571e+02
1.033936606121451121e+02
1.179440838525738400e+02
1.147959171542446200e+02
1.776478309363822063e+02
1.103003422253071903e+02
1.032639531058373308e+02
1.089342299439791191e+02
6.701893465616838341e+01
5.993702467756328645e+01
7.123338179955143801e+01
2.525301362012772302e+02
9.196774253912982999e+01
1.179354024420837703e+02
5.915735294066477934e+01
9.657415302754995423e+01
6.439312314148594396e+01
4.958204587545428410e+01
9.440008719483823540e+01
1.529298587897324353e+02
7.669480884190585357e+01
4.533987952728124071e+01
1.442905966333777599e+02
1.624836494507512441e+01
1.367310384441899487e+02
1.529409530519259874e+02
1.058225228071461714e+02
1.453654212109462662e+02
8.968807533025177747e+01
1.075404426268599281e+02
6.599597810968822387e+01
1.499787152511902093e+02
6.696292454621465140e+01
4.512489882805576258e+01
2.641771146777085733e+01
1.135095856625300712e+02
3.461413922335569282e+01
9.608783686391163315e+01
9.163510695811348228e+01
8.568122243946864103e+01
4.748848756857160680e+01
4.814479506224618177e+01
1.695192874528632387e+02
1.312000859615945956e+02
1.388668558861833162e+02
1.069251202645426417e+02
1.043014668823909830e+02
1.332507084588804673e+02
7.766643303327148828e+01
6.047140257286933718e+01
1.023411173893775157e+02
1.779457235427588273e+02
5.943701408469944170e+01
1.078391196383650907e+02
6.253389435669528496e+01
9.370138220866792267e+01
6.941556805733134183e+01
1.353599241668283639e+02
8.291568476006975175e+01
7.449550353708936257e+01
1.269746190233624930e+02
1.039857148407284768e+02
1.167670623458691637e+02
7.999239042961673363e+01
1.201406380821163822e+02
5.443881177793485904e+01
1.390689180154754467e+02
1.611258932787396247e+02
1.255810519554620441e+02
7.842997037856565612e+01
3.856655694383532307e+01
1.010199600467457373e+02
8.763295873183332674e+01
1.442051889550241981e+02
8.388246015764458718e+01
1.088483445217214580e+02
1.361623401832778484e+02
2.951416505710056981e+00
7.063641602626563554e+01
1.623730756617177349e+02
8.850539877173140724e+01
9.003622908179445972e+01
1.167184386199003256e+02
1.141311107366935147e+02
1.019770387212269611e+02
6.279372411569366363e+01
8.361094829398517447e+01
7.611768765595088837e+01
7.490442017035793754e+01
1.426771819653083639e+00
1.201941417109169663e+02
1.111387023121878883e+02
8.059509805327810739e+01
9.066788042502680867e+01
1.112440116414062032e+02
1.021893271727051342e+02
1.225153620613793350e+02
4.535686857766501134e+01
1.098095940706332101e+02
1.289800875394198272e+02
1.509025082725649725e+01
9.716666681692935015e+01
5.160403998588999741e+01
8.445099244536412186e+01
1.146192940755254597e+02
1.216451187983468429e+02
5.786288137982672453e+01
6.894579269747137573e+01
1.448525964116046225e+02
5.733043608336623009e+01
3.997209609892678372e+01
1.209830142609273196e+02
8.193698414222606630e+01
1.234881461891080505e+02
5.326675019848421755e+01
1.799619603491611599e+02
7.844869173351035840e+01
1.216121048500330630e+02
1.567543675766927436e+02
1.112174567092174158e+02
9.728469503959337317e+01
5.042801372712894903e+01
9.076493121029281497e+01
1.571644069877713150e+02
1.581743048393317395e+02
9.672110182027982717e+01
1.115764475375525819e+02
1.828958118291655524e+02
1.372223297013239289e+02
5.243902059629449752e+01
9.740214862441715127e+01
1.440451778033286132e+02
1.209239466973316439e+02
1.187482518880718345e+02
8.851929951614725667e+01
1.482536685186688317e+02
9.657985154486004831e+01
1.097484596358507360e+02
1.055565672762081704e+02
1.340595918745155188e+02
4.686629322773149653e+01
1.390009911640439384e+02
5.639016557893697978e+01
1.295944312678712436e+02
3.901748730742621518e+01
1.107137551983266519e+02
7.338501803339259766e+01
1.436397913615838604e+02
1.297648108229008983e+02
1.666096756817258324e+02
1.253531226943796781e+02
1.324967001509553484e+02
5.549258402848879257e+01
4.520330251226296525e+01
1.667203553230163209e+02
9.863286354027896152e+01
1.827046369764556744e+02
1.188368327758238649e+02
3.555973085950429891e+01
1.479118455884758987e+02
1.055743402511671718e+02
2.633045860408368810e+01
1.402704816542478738e+02
6.925040578887686138e+01
1.184746626816896224e+02
7.692280143330650333e+01
2.916288241487794153e+01
8.190373924424723384e+01
1.284405074401649074e+02
1.311434705935440661e+02
3.859138938473165581e+01
1.170714847071473059e+02
1.568094833795472312e+02
1.513750484644942276e+02
1.243630014854611261e+02
1.213213677989219548e+02
9.292163714450582290e+01
6.730818944568713391e+01
1.049692416949048948e+02
4.399380539101809262e+01
3.716822505526820208e+01
1.057461984437233866e+02
9.298254677761818243e+00
1.529631438832716128e+02
1.261356421017181901e+02
6.880082257868906481e+01
1.650766730370098117e+02
1.545325309953175577e+02
1.644760535475524534e+02
1.164001526053530142e+02
3.824861433640717223e+01
4.546307467346335329e+01
9.998810130828009335e+01
1.370659279713864294e+02
1.193141477811165174e+02
1.027506769483203755e+02
1.255870401848268472e+02
1.642603457400201989e+02
9.910070978940292719e+01
7.617600628519969064e+01
7.363920821445937293e+01
8.722728106180008467e+01
7.471194507639432913e+01
9.537109009099243906e+01
7.458156032833575466e+01
1.256010712319863671e+02
1.194397052382359306e+02
1.515753298802337952e+02
1.295212328867319798e+02
1.011135691293969927e+02
9.602560137254995709e+01
1.627517778515280611e+02
1.226516843908026573e+02
1.257522146249397679e+02
1.315970797670591708e+02
2.367143326829219347e+02
9.415638693903069623e+01
7.024211148085663581e+01
1.057019714820448115e+02
6.786272334135873052e+01
4.762799117767029600e+01
1.552293213716196476e+02
8.997001677543723019e+01
8.561230595549587008e+01
2.024728099421831189e+02
6.964014481846729154e+01
1.342394843496030603e+02
6.393200664857194226e+01
8.829578943087054199e+01
9.547094562838604759e+01
4.131763497158559062e+01
-4.476387576407174151e+01
1.443324254977775922e+02
1.415676410099499947e+02
1.089707012027437116e+02
1.004491737797467010e+02
6.059506704768673302e+01
1.610995356042544131e+02
1.243652121517744149e+02
1.826774174325269655e+02
7.471088038989054780e+01
7.545918982103543726e+01
1.439269297667786418e+02
1.370798042895834783e+02
1.118534958806293957e+02
1.515733559712200531e+02
1.051768376056231205e+02
1.062931618674852530e+02
3.746816224817007424e+01
6.161732802489458294e+01
5.150561833904041720e+01
9.792034432373156960e+01
8.659389834565853050e+01
1.122775480180062431e+02
1.441614551968603735e+02
1.361172388404112041e+02
6.618851486206804680e+01
7.799136502612256550e+01
2.830799591974266605e+01
1.445378842053636390e+02
6.642133863333641841e+01
1.309802507620688630e+02
1.219974061292815293e+02
7.003160523662486980e+01
1.255711797751095276e+02
7.722991812117527388e+01
4.185745992989558317e+01
3.234797230244706157e+01
1.027627538713635289e+02
6.686890251693866105e+01
1.933575030268988257e+02
1.820591968436528418e+02
9.332677530370798991e+01
7.578679318465559334e+01
8.157179533569143359e+01
1.087256688945810339e+02
1.527627786349142980e+02
1.187252489269819762e+02
6.436551804653964837e+01
7.155058070436561479e+01
1.723459492065599079e+02
8.023811949966304269e+01
1.993917792730074723e+01
1.685326374492140644e+02
1.271542759800996407e+02
1.018218052031887311e+02
1.028739400436247564e+02
8.508625506307808450e+01
1.149090816298544553e+02
4.545401002223654530e+01
1.659289258620412397e+02
1.165008024153919450e+02
1.215076254894688361e+02
1.388703318169581280e+02
8.076445361422123881e+01
1.105274390209429214e+02
1.427459688320880389e+02
7.573972274812643946e+01
1.181960500317001248e+02
1.435752493129639902e+02
5.024597845076354474e+01
1.240181777813183004e+02
1.616045689671569221e+02
8.628287741202866812e+01
1.371041517254371627e+02
9.680164206376095137e+01
8.608749607789114577e+01
1.037349688678119577e+02
1.128869136495166288e+02
6.204757991834033959e+01
9.339593790948921992e+01
1.095398812028395241e+02
1.159116688477642754e+02
1.533874798390560557e+02
1.196407376196163455e+02
1.599279475305703500e+02
6.399116142356313475e+01
4.268701777690058208e+01
1.401144841998881816e+02
3.508796266120339169e+01
1.047570080204511811e+02
1.433193385941937379e+02
1.232023666533201691e+02
9.482017168883396607e+01
1.114537448017076429e+02
7.690871301414173900e+01
1.228045033262571195e+02
1.013853900004408359e+02
1.826799155651517594e+02
1.647975480929212040e+02
7.896847302897761267e+01
4.635519529784001236e+01
1.475561897161847469e+02
1.373607028682950215e+02
7.172609630409836257e+01
1.617869703366355907e+02
9.091421160983827576e+01
1.191550663452375005e+02
6.797606838700707499e+01
1.031496731592297493e+02
7.151347624637766387e+01
1.107745381901675330e+02
1.501738778889446451e+02
1.309153808866654174e+02
1.346776273978955203e+02
1.573510044161576502e+02
1.368608315847628774e+02
7.577879966251472865e+01
1.652093770546088933e+02
7.640927450849962099e+01
1.436577342661441321e+02
5.388236131059247924e+01
1.502138276758719826e+01
9.354352861114345785e+01
1.319153343791165582e+02
1.119423385371697748e+02
6.210974286610345274e+01
6.898424944381332580e+01
1.058708768020265580e+02
1.269894401834037723e+02
9.100090091668030823e+01
1.047779309147411198e+02
7.461391882232581452e+01
7.455977214354948046e+01
1.363638040403533864e+02
7.951057246394384492e+01
1.992618027211563003e+00
1.227243876683357939e+02
1.378581683202971533e+02
4.087860790872751693e+01
1.412995996910705969e+02
1.447666139560727459e+02
1.148524032162614219e+02
1.519196729102502559e+02
7.304416838163439252e+01
6.354100982259242869e+01
1.068039667649115927e+02
1.081979015177159766e+02
1.608185355723778684e+02
5.954372070573748488e+01
1.192142048116741648e+02
1.659208102617479881e+02
6.962429706597092149e+01
9.675734756423686633e+01
8.355466827186091905e+01
1.350512021686974720e+02
1.377807240579600148e+02
1.128469162471553062e+02
1.216423536613681620e+02
1.385697764117669806e+02
8.414099189087195896e+01
5.155255170281559884e+01
1.501547145579195899e+02
1.065620976507643292e+02
1.660630831565494532e+02
8.695347143690996461e+01
1.811053406390937255e+02
3.566671736639746371e+01
8.966666288348569935e+01
7.204538877584123213e+01
8.928056322670335021e+01
1.287504999974858606e+02
4.366140689325982294e+01
1.076137790605463209e+02
6.882592145383901538e+01
1.154736418483881124e+02
6.166502223417779049e+01
1.233913986357675441e+02
7.546755400980278239e+01
8.024532553365887111e+01
1.152467878151799567e+02
1.744633195956200211e+01
9.284512840646650034e+01
1.285916069156394599e+02
5.528578397061938432e+01
1.515377331242421803e+02
1.736117505972513868e+02
4.238418817406854089e+01
5.093137902959676921e+01
1.077004308388022764e+02
9.732187795593137025e+01
1.960635078849647641e+02
1.005118923063252794e+02
7.399454845442514284e+01
6.041022507745017123e+01
9.509592397935723795e+01
1.246587153874349525e+02
1.451245422373462759e+02
1.524957240806432992e+02
1.122080073473942292e+02
1.675534365373202661e+01
7.356238330006171111e+01
1.227924383970264870e+02
1.078353940295451707e+02
1.101867123080589863e+02
-3.793079934185323054e+01
1.415307895613146627e+02
1.229160327690497923e+02
7.415718463218885859e+01
1.170864312220083008e+02
1.392183327613086874e+02
8.653657209095695180e+01
1.588834593110889557e+02
1.276632649753417468e+02
1.233917216766107288e+02
1.244440420771090317e+02
6.851705659631392109e+01
1.041661525891862254e+02
5.361710015674555052e+01
1.653234789944673082e+02
2.068292795091227276e+01
1.664445211923588204e+02
6.962396744117062042e+01
1.123053866093048612e+02
