3.225174868690125152e+01
3.735455126464100317e+01
4.456006999932773738e+01
4.001112766948411092e+01
4.267885821130892054e+01
3.683230068345936559e+01
3.750716856911367358e+01
3.398133062798972048e+01
3.500626947424899527e+01
3.687376216022264686e+01
3.679083836597835244e+01
3.621302075575147228e+01
4.138444436411529637e+01
3.924428352454011559e+01
3.329945661753644970e+01
4.091456795995726736e+01
4.270147296071175447e+01
4.278093387075789877e+01
3.558916638740173255e+01
4.093825574327377126e+01
4.038795143884316730e+01
3.512960504469060652e+01
3.036997967527012321e+01
4.449639674704479120e+01
3.523934769414224633e+01
3.835311823018878385e+01
4.026122804747079442e+01
3.853963569030076286e+01
3.843502120182969861e+01
3.874644047012795056e+01
3.613800766910195250e+01
3.679723534997168599e+01
3.482541225041893540e+01
4.486641535512590906e+01
3.631088950235890422e+01
4.042001097850781832e+01
4.190267321034264114e+01
3.418220794508945914e+01
3.912892952109145739e+01
3.995043180930625226e+01
4.036665392297320665e+01
3.747667324061913519e+01
3.350982402471257871e+01
3.777837472087546900e+01
4.334621448120249454e+01
3.789310687720153936e+01
3.795704699359159662e+01
3.525746970511792711e+01
3.374836006489391593e+01
3.763574838440128900e+01
3.530044212117345381e+01
3.988783525507510319e+01
3.886780861317352986e+01
4.004050330577522487e+01
4.595909866725814652e+01
3.404466691324500971e+01
4.100895667858200966e+01
4.063420950467683923e+01
3.854933844050032121e+01
3.482390259794121334e+01
4.369145063749962787e+01
3.544104151799676572e+01
4.010674576477786957e+01
3.689491363384470191e+01
3.366863136680854751e+01
3.979882167422726980e+01
4.052960124391292851e+01
4.126118489737809369e+01
3.506343190054340653e+01
3.518473646545790956e+01
3.755721638133316276e+01
3.551439798147422522e+01
2.944816712170590023e+01
4.341189578010709482e+01
3.579673249974650417e+01
4.020612983309543864e+01
3.721186150261785031e+01
3.686647742688930407e+01
3.878843072723292806e+01
4.391642017750623239e+01
3.590770386269608139e+01
4.435693691316998866e+01
3.858784126847874063e+01
3.716821847262445289e+01
3.583957406435771986e+01
3.954252506560661828e+01
3.861998198070668309e+01
3.502210855052342708e+01
4.183534638368539049e+01
3.296611085131050345e+01
4.220874834445336177e+01
4.456800546252385686e+01
4.037114670792674787e+01
3.451104282079806040e+01
3.819295187066178698e+01
4.229289413176419288e+01
3.709840303379565540e+01
4.011624871888538024e+01
4.141508027923956803e+01
3.352046755448758830e+01
4.125672711092813927e+01
3.795297891852204231e+01
3.555999500677837233e+01
3.953421862221178174e+01
3.572063232378977204e+01
3.865629277186319257e+01
3.654110383419497765e+01
3.511650797321873085e+01
4.283121514431287125e+01
3.843057019072396230e+01
4.004461618796938183e+01
3.778561404633466481e+01
3.597195349141754406e+01
3.863568255220145176e+01
3.501933536785017509e+01
4.026433982151750968e+01
4.077464529321284203e+01
3.417175208272111320e+01
3.989834124205835053e+01
3.881726469391182377e+01
3.646765275695025110e+01
3.585185406724514934e+01
3.691263028580946326e+01
4.281697166844952562e+01
4.248291790883344987e+01
3.608284972877922314e+01
3.777176354612097242e+01
4.138687977175958110e+01
3.621796020114310011e+01
3.840338441872650321e+01
3.365770025468468418e+01
3.934199207722009106e+01
3.931352670652154302e+01
3.292901513442799910e+01
3.461302310108246161e+01
4.396101051618152411e+01
3.631422106586303045e+01
3.365017006974762381e+01
3.737305377018776653e+01
4.194501088254164500e+01
4.479168744935605417e+01
3.804586364621034278e+01
3.694667014410181594e+01
3.718544040075560275e+01
3.776911273465344010e+01
3.884599382933242850e+01
3.522005382062515366e+01
3.174526249457893812e+01
4.007047206489173163e+01
3.195558269117969630e+01
4.467923230659192768e+01
4.059140781755306904e+01
3.987828296258282990e+01
2.990680224218670702e+01
3.496006709166188386e+01
3.978603697196831490e+01
3.991936177202854452e+01
3.501639986446723185e+01
3.309979027446775035e+01
3.874251707492541641e+01
3.638013933432617364e+01
4.122344921730440603e+01
4.395848009288581437e+01
3.838774411313087853e+01
4.007826259380423295e+01
3.992814383158719238e+01
3.639967933029267044e+01
3.663629128062809315e+01
3.642452195513658353e+01
3.595652691077896890e+01
4.000797399367627349e+01
3.446429403733050378e+01
3.770788702090798239e+01
3.940626901199904353e+01
4.341215423987392086e+01
4.200868020866320762e+01
3.828041531179031409e+01
3.851512779839684697e+01
3.251000277061595511e+01
3.515350689415503638e+01
3.751363572290026127e+01
4.305108634223336139e+01
3.742126876588512374e+01
3.376087477606079545e+01
3.519880341752857333e+01
3.481218767937982506e+01
3.377559896315018761e+01
3.751161983401459565e+01
3.815053246416545107e+01
4.194683840989218737e+01
3.488208447122943312e+01
3.665707429632923464e+01
3.841407886541719563e+01
3.381738274001502020e+01
4.357049525946646185e+01
4.078397380222508417e+01
3.746446810266021998e+01
3.861068135493216857e+01
4.081556684520683831e+01
3.930356952225778144e+01
3.859278884372312035e+01
3.540956572303662853e+01
3.685007730613116905e+01
3.281738990279900747e+01
3.578229281497675629e+01
3.804154508462821127e+01
3.925023715280714498e+01
3.957880090546727558e+01
3.780076081213420736e+01
3.517343506937707076e+01
3.964315217145866654e+01
3.894289647571154234e+01
4.218159759397670427e+01
3.669447023230645755e+01
3.823387446304362669e+01
3.702182030887330910e+01
4.224331177716881314e+01
4.091943598481523026e+01
3.564752276939024966e+01
3.445784145219605676e+01
3.745284297569184417e+01
3.921089946233540502e+01
3.628784609902614733e+01
3.969962147718157297e+01
4.012613899023720165e+01
3.660710618935691230e+01
4.650810305945233836e+01
4.094907541583302191e+01
3.923150842931048743e+01
3.770575870926841588e+01
3.442804723045298232e+01
3.608096074279418275e+01
3.728856169121196018e+01
3.640617267911716937e+01
4.299333189351063567e+01
3.974632033416669685e+01
4.319424307865351409e+01
4.170103535519758964e+01
3.925125958236591828e+01
3.625797818596655020e+01
3.785044236083641778e+01
3.791824425353377137e+01
3.669861279150219957e+01
4.480809933457172178e+01
3.834781363182160874e+01
3.867122418353191193e+01
3.872130559915237313e+01
3.136090631672414375e+01
4.491803892921961960e+01
4.264212050788416519e+01
4.246827276353896252e+01
4.083615102784943218e+01
3.726689160943423929e+01
3.609419543422114884e+01
4.039863060864156807e+01
3.606928508375789022e+01
3.432483419590710128e+01
3.610023531729220281e+01
4.125158714709895946e+01
3.973538008386648812e+01
4.184809044577398396e+01
3.716209636727932519e+01
3.889286337746543154e+01
4.300555349746831979e+01
3.125124961044858196e+01
4.143020437168392078e+01
3.996656206282594326e+01
3.610769414282102474e+01
3.793867394117399527e+01
4.001789077942223116e+01
3.985451874595102595e+01
3.284166630732253367e+01
4.120376624481691863e+01
4.132125444248893587e+01
3.186951908646607023e+01
3.296129988721480686e+01
3.962039031345877760e+01
3.199238630254000526e+01
3.797898409630723648e+01
3.868107280284497307e+01
3.776248549923030140e+01
3.457933565500100315e+01
3.633201480460167687e+01
3.782486678924890100e+01
3.825057816929834331e+01
3.913968235479870117e+01
3.696119490372878857e+01
4.029471763701743470e+01
3.872561360043118128e+01
3.653839394109844108e+01
3.680229954263349157e+01
3.529032857050066241e+01
3.461606260971547755e+01
3.435492007548698723e+01
3.323586720558645879e+01
3.874568854409750429e+01
3.897802783360670986e+01
4.167374784360455919e+01
3.970253315657707560e+01
3.969073748772398602e+01
3.696357771909949008e+01
4.144225585285143154e+01
3.611125513415262134e+01
3.731516758660197297e+01
3.607818683166979667e+01
3.138309913175528720e+01
3.441296279747680131e+01
3.851346762329767159e+01
4.103751126808410987e+01
4.196079750786953610e+01
3.310450990200628496e+01
3.833275367018638491e+01
4.129887808669609939e+01
3.405261379555719259e+01
3.619169242758758287e+01
3.938066161752363570e+01
4.321836521642418205e+01
3.932391451080574996e+01
4.027431155273554708e+01
4.338413539318336376e+01
3.684152966269752483e+01
4.066772397650254334e+01
4.153016853056053037e+01
3.736183470779236160e+01
3.656677862148226410e+01
4.255185045787443698e+01
3.717947039132221221e+01
3.741082697444397098e+01
3.824309099815347679e+01
3.895082348452162790e+01
3.647684945135888057e+01
4.044370940370124146e+01
4.057953676967602519e+01
4.156332821158848390e+01
3.792987442888312444e+01
3.922407392783519242e+01
4.228718985710197131e+01
4.076609201416246009e+01
3.837357832054468076e+01
3.577120273166568865e+01
3.748817579240660791e+01
3.195220733700407578e+01
3.983980948007192069e+01
3.467694707144715238e+01
3.511008745261116104e+01
4.094870553590336471e+01
4.320866805753791340e+01
4.167625454124213036e+01
3.768774410394801322e+01
3.548066945031540342e+01
4.213367434600493766e+01
3.651107921803647116e+01
3.628661951593414159e+01
3.679330239135266112e+01
3.477169251591878663e+01
4.562487213913259865e+01
3.550490262877407588e+01
4.252577796474688654e+01
4.667385539508692460e+01
4.110457413871901622e+01
3.661270492974517765e+01
3.745609329891251349e+01
3.772584475101717771e+01
3.566792559473967117e+01
3.404785454595435112e+01
4.225290463590063439e+01
3.807745063250892770e+01
3.355846153390284314e+01
3.885017943765197401e+01
3.493598052968754075e+01
3.259011556253872754e+01
3.596280597673283097e+01
3.551096991375953849e+01
3.970548900688225302e+01
3.412469414125522604e+01
3.686404685283407190e+01
3.927147611602407551e+01
3.684164592796362570e+01
3.686978445169283702e+01
3.969238942743816523e+01
4.081446351194890099e+01
3.834428276679319936e+01
3.595140503383091612e+01
3.873150041672582233e+01
3.834802926529113876e+01
3.705341730192300531e+01
4.680449804287432869e+01
3.812574879123476990e+01
3.833453441907592918e+01
4.120131935397872525e+01
3.704551559913184633e+01
3.690326811992534317e+01
3.317523807939684843e+01
3.436459407699224045e+01
3.792885984569362989e+01
3.739217709660811551e+01
3.910583732340847973e+01
4.707614640355443925e+01
3.556157427755661615e+01
3.758107033443901202e+01
3.964564704208567036e+01
3.984697416687521354e+01
3.570087005576167627e+01
3.813908533914455035e+01
4.202868370721060387e+01
3.863008245137059049e+01
3.669544853899304115e+01
4.384624267622607618e+01
4.025309577757484192e+01
3.767855765300809878e+01
3.909067736548318095e+01
3.751969159750698424e+01
3.739895345575561691e+01
4.225900664698296083e+01
3.670417831141352849e+01
3.540943533988348690e+01
3.953270881550689353e+01
3.895009585024762799e+01
3.402977830391789382e+01
3.895448110816469267e+01
3.602182365252853913e+01
3.919013579775021583e+01
4.078167649493147451e+01
3.818053841521525271e+01
4.037674145609701526e+01
3.837712245135825384e+01
4.171302588421179536e+01
3.284524083447217890e+01
3.803586669143779631e+01
3.400121968873863665e+01
3.766060963368660452e+01
3.651049799320622924e+01
4.085707883925653050e+01
3.624058774155740537e+01
3.494847136578373181e+01
4.026928522356576678e+01
3.897370845896544722e+01
4.006716703288168446e+01
4.316113944112818501e+01
3.664940806864751011e+01
3.815118393532358709e+01
3.985383981602580405e+01
3.822661629612099432e+01
3.754154999935465753e+01
3.100284013518515991e+01
4.229868905574470261e+01
3.847235852719912685e+01
3.868739082277826924e+01
3.504644459620534036e+01
3.887789306319184846e+01
3.603592183597820764e+01
3.351100713252882457e+01
3.547287413528035671e+01
3.621042330732607439e+01
3.387969841856885722e+01
3.914478913263577198e+01
3.464870404785748548e+01
3.789093274997931360e+01
3.076943852110004229e+01
4.078735120109443812e+01
3.693509600174991192e+01
3.648992649132243571e+01
3.914192422403425553e+01
4.129298414078547097e+01
3.628210199494007071e+01
3.879204573975398063e+01
3.914240118691851933e+01
3.935657780122156879e+01
3.050237152026765841e+01
3.806966654297237085e+01
3.711914594004502277e+01
3.921682941907141640e+01
3.996369451366062719e+01
3.802394504942382270e+01
4.466849993039006961e+01
3.740868386194983941e+01
3.712035632691361542e+01
3.834942556766168309e+01
3.750903264168813678e+01
3.427425344093997239e+01
4.243467630024207438e+01
3.653568913403798035e+01
3.334837868576590836e+01
4.065647267480485283e+01
3.339115932256869002e+01
3.760733852706764679e+01
3.977249659027226159e+01
4.086664221622170601e+01
3.425483312989857154e+01
3.575284301435935674e+01
4.199417782158908352e+01
3.914462427051604010e+01
3.634752868873704301e+01
3.360985096156784380e+01
3.928077679651418919e+01
4.185908197776571882e+01
3.420069668900853799e+01
3.675998036594936735e+01
4.024439968362675302e+01
3.930060845573152051e+01
3.601467804298999908e+01
3.474885488919495913e+01
4.063780333714053938e+01
3.877054107245125181e+01
4.265695977338589984e+01
4.214188875966590331e+01
3.542168755951851722e+01
3.797967463407818656e+01
3.662037850394516170e+01
3.903103891971086625e+01
3.978472915497751217e+01
3.654497508976108122e+01
3.883186996216697651e+01
3.872835345236391191e+01
4.469198409907754410e+01
3.714578835736528362e+01
3.441780731671953220e+01
4.039857701500201159e+01
4.240150737911602619e+01
3.809534692723750027e+01
3.579590406423328375e+01
3.757744564308173096e+01
3.912270920585613965e+01
3.934929863524045857e+01
3.786332532195987000e+01
3.786987269677086232e+01
3.679502473300658494e+01
4.014476090955756149e+01
3.445576249530668633e+01
3.572886105128674217e+01
3.612393137203766713e+01
3.432501967975766632e+01
4.110820143280683681e+01
4.286545402262732551e+01
4.205911974044342116e+01
3.543266361680735343e+01
4.114226833805234662e+01
3.697413616684049487e+01
4.064344010220559511e+01
3.787435235418124790e+01
3.352534540709587674e+01
3.997788966770810504e+01
3.587645532331332987e+01
4.019664555470028233e+01
3.897486967318224771e+01
4.177303843456903820e+01
3.671235033075405596e+01
3.964165587833743842e+01
3.887617402903148900e+01
3.654575424594193578e+01
4.179277190778554996e+01
4.050649168976903525e+01
3.951403408322120470e+01
3.640909655385250687e+01
3.815918056034259820e+01
3.733327916750061348e+01
4.186391243839884169e+01
3.761899667928084767e+01
3.510453204544592154e+01
3.676647008228963642e+01
3.522964090271420901e+01
3.435760735231772145e+01
3.765573604288771037e+01
3.589545352262252464e+01
3.863801027040531721e+01
3.976690304719289060e+01
3.290411609227222556e+01
3.930073167932282985e+01
4.430211079176087452e+01
3.195527875206943236e+01
3.779395567943171841e+01
3.873490413076439864e+01
3.808869802270427840e+01
3.676726877174929342e+01
4.422092210953987035e+01
3.984956997328644235e+01
4.046936418378093236e+01
3.283834569179085605e+01
4.062702405795820226e+01
4.075922015433917522e+01
3.759402150674387855e+01
3.348555171405819664e+01
3.386828035973101692e+01
3.621544077888592739e+01
3.195100753380349801e+01
3.912984786788330638e+01
3.689736547607643047e+01
3.873095510720019519e+01
3.447828746553665269e+01
3.168897751414326791e+01
3.632077840000759750e+01
3.486361268097527955e+01
3.607637023148532762e+01
3.685120129242184106e+01
3.664936604285288269e+01
3.862372102834947896e+01
3.444106540991656829e+01
3.408642616939352621e+01
3.526227732412585425e+01
3.499346319627652946e+01
3.917007158513151666e+01
4.485217681247188892e+01
4.101473383795401162e+01
4.009232474111033895e+01
3.087970847079286685e+01
3.843872728285226259e+01
4.016602695690623648e+01
3.999193979609677996e+01
3.282956205659205295e+01
4.098719610072587471e+01
3.571358867207188581e+01
3.780885620580033191e+01
3.808694395444614855e+01
4.114028019315003348e+01
4.027110529155719831e+01
4.077097058098090798e+01
3.767808615367193426e+01
3.399102011027044767e+01
4.095205833950030438e+01
3.998845766048770400e+01
3.573786846324814093e+01
3.764231476869071003e+01
3.888451646763969194e+01
4.072677659864699962e+01
3.302285975450465827e+01
3.737561345471451801e+01
4.074095811297183900e+01
3.785086841007179714e+01
3.390821649956939865e+01
3.913879559365853567e+01
3.615485376244335924e+01
3.544209195829878922e+01
3.115909324982645501e+01
3.739249420097975474e+01
3.988276808532011586e+01
3.450132152640050265e+01
4.181002014549326873e+01
3.149643345831004382e+01
3.769721806355924087e+01
4.174220873020943401e+01
3.639704642357710185e+01
4.373336083205866487e+01
3.911927053472069815e+01
3.768845978692516496e+01
3.873188212348416926e+01
4.072858216940972653e+01
3.749934086344730133e+01
4.164831161711187946e+01
3.294454221532292593e+01
4.034097623587346959e+01
3.583390025130819367e+01
3.429118506927419219e+01
3.721701452608978400e+01
4.645384828881173434e+01
4.167475282083717047e+01
4.088462916328818864e+01
3.647097001340220856e+01
3.924787048735961292e+01
4.285591007735618518e+01
3.655873142084107741e+01
3.861327317556858674e+01
3.802851784328137796e+01
4.292109042210393000e+01
3.944016340195385339e+01
4.075185170350123087e+01
4.029288060522651449e+01
3.692472325262519917e+01
3.445497220868660548e+01
3.577557317890637023e+01
4.121648503162866461e+01
3.458721225967669710e+01
3.608316734688339977e+01
3.820959894414703939e+01
4.305030766946955367e+01
3.814871579876169960e+01
3.673677990286362416e+01
3.605558941465212541e+01
4.135225516995789263e+01
3.693487176812218564e+01
3.790490003444671885e+01
4.044446053113198758e+01
4.000912254836750037e+01
3.637771602493283751e+01
4.120535591269148057e+01
4.001925636833392019e+01
3.577715315421365005e+01
4.190072719966898518e+01
3.747330320541237114e+01
3.798270793648718069e+01
4.210336687461273897e+01
3.949375791754269471e+01
3.499863573925227200e+01
3.519812276460408640e+01
4.084372651790599917e+01
4.125176928725823444e+01
4.106657274112993150e+01
3.722990247497275362e+01
3.987232550400173636e+01
4.036471507224828770e+01
3.444469267317001027e+01
3.393619055916773419e+01
4.153148292613997938e+01
3.613464930815054998e+01
3.482894669780451125e+01
4.116481131643146796e+01
3.169051448656063741e+01
4.209848127065180279e+01
3.751935648743243235e+01
3.549384758783833149e+01
3.882832779036627358e+01
3.436946514723263846e+01
3.978607870311126504e+01
4.412247786733883004e+01
3.576912787312026154e+01
3.733852972463900954e+01
3.929458151226891260e+01
3.639686868047990487e+01
3.815676750986300192e+01
4.260560757862931780e+01
3.654037743279550199e+01
3.895874252906450153e+01
3.564879702699523989e+01
4.174293849713275506e+01
3.834429168181421232e+01
3.221287370756276403e+01
3.623881951433543236e+01
3.970572529548822871e+01
4.355030633279553598e+01
3.778949935187927167e+01
3.630877799162181674e+01
3.311274981481125934e+01
3.854762929018009032e+01
3.274732109136608926e+01
4.123412823243167935e+01
4.264616258225390055e+01
3.987168449480212473e+01
3.798305425864741380e+01
4.185316753021027125e+01
3.392720680753579643e+01
3.304950106006755561e+01
3.983923127655102547e+01
3.730031249750680900e+01
4.073058425150232154e+01
4.088502647001163126e+01
3.587444847907075740e+01
3.994306328293851038e+01
4.022955181019730730e+01
3.729822205808991242e+01
3.945039340851761978e+01
3.672474153075430081e+01
3.957189378534432223e+01
3.727285704893320428e+01
3.760229300033054756e+01
3.600919310252156436e+01
4.204455795760691927e+01
3.841571667449869665e+01
4.045847779272743594e+01
3.293704256969237321e+01
3.867692533486867745e+01
3.636663866431683800e+01
3.310025021479455631e+01
3.594062056353215695e+01
4.219207064477215852e+01
3.878015590768862353e+01
3.902233623549687280e+01
4.037914045616155079e+01
4.012359076223254561e+01
3.506225423760093207e+01
4.297998835296996134e+01
3.147581977812802023e+01
3.796683828096477953e+01
4.091309317064011708e+01
4.016809630868124970e+01
4.150741849812742146e+01
3.235999599833554896e+01
3.421087826068611548e+01
3.750454278379461925e+01
3.716950266279164339e+01
3.813156824034295767e+01
4.031597180780602940e+01
3.856056142250128715e+01
3.525525119007458130e+01
3.932025320482306086e+01
3.836291890186436859e+01
3.488215193745570275e+01
3.782299717545054563e+01
3.998666560828801408e+01
4.140963167575017678e+01
3.928911350297200755e+01
3.833066060439693956e+01
4.200825681735263117e+01
3.738776302301311460e+01
3.923638800142792604e+01
3.818364239942182792e+01
3.501710850176836232e+01
3.630145899349599148e+01
4.219766790992639471e+01
3.885654866718247291e+01
3.702364484652468946e+01
3.614982757186922413e+01
3.737258352905919168e+01
4.368986773943854018e+01
4.011547957180659552e+01
3.715433559621916970e+01
3.754908743431781204e+01
4.013583264072541823e+01
3.708948549470665057e+01
3.989560081741872466e+01
4.213790401054231438e+01
4.191469974398209075e+01
3.586668620665697205e+01
3.533125201543423088e+01
3.793241443892865306e+01
3.768029817034351936e+01
3.780963038106329321e+01
3.347096275503255214e+01
4.167426263393939934e+01
3.472579139140307092e+01
4.403863948563513020e+01
4.045275514659728344e+01
3.985143239399458537e+01
3.828580352429307254e+01
3.287345097949061312e+01
3.629093113499135370e+01
4.233573407358667140e+01
3.679000020298432361e+01
3.841930595154045136e+01
4.051597496027891765e+01
3.541696991642291437e+01
4.241266158808857512e+01
4.016479034969271567e+01
3.483679221225864353e+01
3.397185980828552943e+01
3.175823435829381225e+01
3.241714843934259704e+01
3.633763940472925213e+01
3.977087112478218245e+01
3.820561816689232160e+01
3.238486498769881905e+01
3.938492734591753219e+01
4.068630834760519832e+01
4.054855784070043967e+01
4.184940604315217882e+01
3.770270242574770236e+01
3.881126065381805290e+01
3.551879913474694206e+01
3.750137501695216713e+01
3.549619947087722238e+01
4.228639132450931726e+01
3.630109075623607140e+01
3.983117624707668369e+01
3.864208771639218298e+01
4.561009367965684191e+01
3.263622116981775889e+01
3.378589709087088977e+01
3.889341056128103702e+01
3.872119553493639899e+01
3.562804799616485241e+01
3.763728386959082428e+01
4.106400694391069806e+01
4.210450904153728402e+01
3.763438718047810028e+01
3.465869786380181949e+01
4.072532870032255659e+01
4.067260825290818360e+01
3.255846677961231705e+01
3.956185761980947291e+01
3.636352896040920513e+01
3.627842977220242204e+01
3.656847153358275904e+01
3.585373621178098347e+01
3.832200939532961570e+01
3.967297038403112452e+01
3.421547542618239390e+01
3.827476112836786371e+01
4.184069849865412039e+01
4.421804522254084446e+01
3.919207889170785108e+01
4.242091408700602528e+01
3.278101716348923134e+01
3.512694912189051166e+01
3.674210387370505515e+01
4.087609399663908505e+01
4.029648575737304128e+01
3.909908544982090461e+01
3.592863354164165912e+01
3.874962123663188152e+01
3.102392356787954597e+01
3.693335269115352304e+01
3.424300735763174686e+01
3.718082628545241874e+01
3.885724539973671199e+01
3.400703159993385327e+01
3.690684593688686732e+01
3.189259915969907411e+01
3.912142405334429895e+01
4.069164149685845189e+01
3.674062222195745164e+01
4.099657834467846129e+01
3.801426574853879004e+01
3.817814502069353466e+01
4.167188087455546963e+01
3.991694533234156239e+01
3.878251063778564856e+01
3.692072992325082481e+01
3.227395304940490917e+01
3.801974539584099944e+01
4.210311652930481330e+01
4.062706191032246750e+01
4.230338827257944700e+01
3.922971754682080103e+01
4.054798913052883336e+01
3.948597159445616711e+01
3.724791167660012547e+01
4.224926516869356874e+01
3.641919757375407585e+01
4.033636852085661673e+01
4.297729888545705990e+01
4.294483306795315514e+01
3.982008104018836292e+01
3.646786808058713802e+01
4.294469091667448168e+01
3.984203295615581908e+01
3.973074846733658916e+01
3.664538403415054546e+01
3.784014270882254038e+01
3.605016772248562518e+01
4.165994240573085960e+01
3.943924418325443781e+01
3.673460020360577971e+01
3.470410564956066679e+01
3.433543315430686249e+01
3.773546559724763227e+01
3.940040994335299729e+01
3.653820915777340161e+01
3.203824411691643803e+01
4.030912871310964363e+01
3.965077242728064988e+01
3.919676221133932614e+01
3.353264611858325139e+01
3.876369838545518576e+01
3.914793697032806108e+01
3.903240294438470670e+01
3.738855126597546530e+01
4.265236687054191833e+01
3.464682261813602793e+01
4.012386069386541720e+01
3.522238817975120639e+01
4.407071024615169108e+01
3.939629382118876322e+01
3.862625044169661237e+01
3.198557625522156656e+01
3.710747613047115578e+01
4.152980397352108355e+01
3.894032274243440384e+01
3.751131979787329129e+01
3.550835456615541830e+01
3.854876683818036298e+01
3.342401316513544884e+01
3.765089244312547123e+01
3.002429821299302404e+01
3.803411286107356659e+01
3.878375785535145326e+01
4.226967664448126527e+01
3.476783825509034642e+01
3.841545813342937521e+01
3.671287688084767353e+01
3.620059839428733994e+01
3.703814523252648883e+01
4.105880940067836349e+01
3.446916429326640952e+01
3.679992094515981194e+01
3.636438642346968919e+01
4.179186117975633152e+01
3.594900877586334076e+01
3.717791499500945918e+01
3.941893887296675558e+01
4.125213967027240614e+01
4.024631521789614652e+01
3.932100554014718341e+01
3.487528203960923179e+01
3.648665285087535892e+01
3.562191252564898747e+01
3.981012455479462631e+01
3.835545196888768515e+01
3.826727813316919224e+01
3.783574455872479803e+01
3.965765493265301700e+01
3.574582328278032861e+01
3.493494259274159930e+01
3.833460975425317940e+01
3.927196938350655131e+01
4.304801624496455759e+01
3.003426268760206952e+01
3.706307582208955864e+01
3.584697178867364187e+01
4.306211747302072013e+01
4.153184886024639155e+01
4.548476999066301829e+01
3.627474933809210000e+01
3.371442779434640613e+01
4.177979664724743714e+01
3.792845131738064879e+01
3.808478129655968303e+01
4.065088925356072025e+01
3.960708473528876539e+01
3.935490957756356067e+01
4.274492855774035149e+01
3.620361043318220595e+01
4.150864264834785899e+01
3.379788918334817538e+01
3.398570038504487911e+01
4.073331699367670211e+01
3.666316310623040664e+01
2.915619435521431413e+01
4.257206667774837427e+01
4.050328793331795652e+01
4.130310390366886253e+01
3.509127724552453742e+01
3.811454522391137090e+01
3.605566878648302520e+01
4.045725414703195355e+01
3.579307227573796268e+01
3.586812660160251198e+01
3.688631027976170174e+01
3.435015262258776403e+01
3.779936274405068275e+01
3.660837918134630087e+01
3.894668933622490670e+01
3.634877367930683079e+01
3.795339174535692450e+01
3.305548615561736625e+01
4.441182618587660613e+01
3.728524600977494430e+01
4.073489464174502928e+01
3.340509759014989299e+01
4.057159366348264484e+01
4.076436721568153132e+01
3.830513919857339999e+01
3.765608534573534172e+01
4.392820870344277751e+01
4.129712136913675380e+01
3.374769995832191682e+01
3.759655743096938352e+01
3.967197871019575217e+01
3.311844583714321288e+01
3.965771145184055513e+01
3.793461889654382446e+01
3.932129098211462548e+01
4.099859539789231633e+01
3.474722440199980156e+01
3.594006153402344239e+01
3.973061736547601441e+01
3.418897184743577355e+01
4.032926344491387027e+01
3.888254413128714049e+01
4.121170005737241127e+01
3.558805036240655539e+01
3.100127517658973630e+01
3.185770930241729815e+01
4.004334674540447025e+01
3.845262955018310436e+01
3.572359241251381690e+01
4.394776042062759558e+01
3.882697458979355076e+01
4.442032890652128430e+01
3.768148104720738445e+01
4.198802042273306512e+01
4.204022090155778102e+01
3.540590969179213943e+01
3.628874601439557068e+01
3.896431685097685715e+01
4.214777959821420694e+01
3.583331344760293291e+01
3.956893762839867179e+01
3.833063757967715190e+01
4.317986227366350249e+01
4.007163611449097118e+01
4.037043867981692813e+01
3.501375519802145675e+01
3.391510340408397894e+01
4.226739218214823524e+01
4.013435210392083974e+01
3.826093742154195354e+01
3.714619608067112466e+01
3.952761208906063217e+01
3.583164839672135571e+01
3.192743722521363736e+01
3.654312790358255825e+01
3.543534740589321785e+01
3.619240194399230859e+01
3.415771536000263353e+01
4.142243490047576415e+01
3.546101813270207259e+01
4.481308742646071153e+01
3.884163637487958454e+01
3.792721174133366446e+01
3.644345119510123254e+01
3.459604868822837176e+01
3.364915433156031810e+01
3.838001574039605401e+01
3.778903538409731766e+01
4.024101027329005120e+01
3.881830092225602868e+01
3.534457580010237621e+01
3.644719549345290943e+01
4.184599833853118867e+01
3.767959536234177875e+01
4.049726680884336361e+01
3.751376695522383642e+01
4.411448916757394301e+01
3.802596580408021509e+01
4.400047995724406036e+01
4.031215818923802630e+01
3.895319562152086945e+01
3.871239181776763871e+01
4.169208970884279353e+01
3.478412711691449033e+01
3.738992756102837944e+01
4.056529230554976806e+01
3.888860477608938737e+01
3.594605207825217263e+01
4.290087736838432164e+01
4.014013964021602732e+01
3.859269411466591038e+01
3.980803040845941609e+01
4.266087067685723611e+01
3.755337724417420020e+01
3.611651840201919583e+01
3.884349384631207158e+01
3.870949380243686022e+01
3.772896867558148415e+01
3.579338398038770208e+01
3.962184276352732581e+01
3.421566184389393328e+01
3.730434471761803650e+01
4.116377994162589005e+01
4.013451179375545053e+01
3.774379458398525600e+01
3.603416375129727811e+01
3.566023456176158390e+01
3.809233043354993953e+01
3.707404886958668300e+01
4.040539328465482782e+01
3.712642248384464239e+01
3.238998045286059124e+01
4.123281954638887470e+01
3.966018463222552981e+01
4.101361091739479292e+01
3.684445408338217476e+01
3.725298589575983499e+01
3.844065553089337328e+01
3.796157565498952380e+01
4.227594865096231302e+01
3.585479101525857004e+01
3.461805475679167188e+01
3.716853318603676115e+01
3.340686556648832806e+01
3.773857991467504291e+01
3.703563770606022132e+01
3.568858431125129016e+01
4.392279911533540826e+01
3.941104496823626846e+01
4.230980271049410391e+01
3.988873433480547703e+01
3.782146505022032557e+01
4.134845992218021848e+01
3.991406380621566541e+01
4.107183971931441846e+01
4.520731398806917412e+01
4.041644143347242135e+01
3.676429429089203893e+01
4.121810072165781946e+01
4.165825114517122785e+01
3.817019966625168337e+01
3.525248673313748782e+01
3.440204590335942925e+01
2.909764039578177375e+01
3.418677259482468855e+01
2.925967244163977554e+01
4.509584144019400753e+01
4.117743131235568654e+01
3.465751302614560103e+01
3.841828038103422926e+01
3.317778023389199404e+01
3.895577881774545403e+01
3.714577857959714891e+01
3.621227751487253954e+01
3.579384935566275772e+01
3.809607354797875445e+01
3.933843546816206072e+01
3.628157238305198717e+01
3.554500151106813632e+01
3.766238072066352061e+01
3.496892850564605482e+01
3.630253782275965335e+01
3.986495863612520907e+01
4.020118872047367375e+01
3.523975394264513028e+01
3.715839777714462855e+01
4.137480881645062425e+01
4.144330459581576775e+01
3.957571941523809755e+01
3.671518748304144708e+01
3.197328810566136781e+01
3.860636718145163115e+01
3.892069807105514201e+01
3.415864286938090544e+01
2.888473461918492191e+01
3.750029703773142842e+01
3.654756405589346713e+01
3.852690938675287669e+01
3.753080768662294275e+01
3.238935034904520194e+01
3.916884979767436192e+01
3.704125703336268316e+01
3.686132107539199154e+01
3.808140619663028303e+01
4.018129098331456106e+01
3.863267721298287682e+01
4.378341339539763766e+01
3.898924836020330531e+01
3.261876753054438893e+01
3.795368279506167397e+01
3.995538656957336343e+01
3.957652605909041910e+01
4.030856854611693763e+01
3.709449660824124351e+01
3.846137146870543688e+01
3.890095747579139385e+01
3.762953987250997301e+01
3.633915514749656239e+01
3.437016133930775652e+01
3.865955172088170855e+01
3.646111907920469264e+01
3.801119022390730606e+01
4.261138762725926199e+01
4.300460156722392924e+01
3.533563346286864970e+01
3.859307560955553384e+01
3.845425411317017961e+01
3.896320543999268438e+01
3.579501237286807225e+01
3.907410787994116674e+01
4.093097089681803169e+01
3.765501483424561968e+01
4.145896817784447563e+01
3.886629365100555589e+01
3.843424826252801552e+01
4.011310796500356446e+01
3.548399547978473834e+01
3.474591086258781303e+01
3.890304306482433105e+01
3.734870990158304238e+01
3.785194530176006822e+01
3.763702636621169262e+01
3.694437503356093799e+01
3.608748928531728239e+01
3.869003838572746190e+01
4.418678914374491029e+01
3.784482943169849278e+01
4.011274921339657595e+01
3.888520440389336841e+01
3.897187798091224664e+01
3.801848752017171051e+01
3.643730183172657888e+01
3.865201438762876762e+01
3.515014834078953498e+01
3.375405025086855204e+01
3.991641261624734227e+01
4.346473917778749296e+01
4.195744805221322338e+01
3.926042036558237669e+01
3.892879425165216389e+01
3.878346763990373347e+01
3.667387114965747941e+01
3.701916847993960147e+01
4.228644118332699975e+01
3.858314641369638309e+01
4.309008299858265900e+01
3.897727525777458624e+01
4.009807872786369387e+01
3.507287320649904672e+01
3.877752393315352464e+01
3.999644256519891172e+01
3.500344526901223219e+01
3.996537868110898728e+01
4.489000669971020585e+01
4.158223653019294375e+01
4.310244028114788506e+01
3.894914703284101876e+01
3.234343628054082131e+01
3.514629352850823096e+01
3.472035022151982986e+01
3.223700126055277337e+01
3.457618171324463674e+01
3.936316384838445970e+01
3.590771290366918578e+01
3.256499923386537887e+01
3.373615309598967826e+01
3.205745368497154146e+01
4.266716981120437424e+01
3.240864403860155107e+01
3.917686912375094721e+01
3.650477491592874202e+01
3.704531538761085585e+01
3.614529969130271780e+01
3.563682689549308691e+01
3.943920920068510583e+01
4.052523774123686451e+01
3.978500501702456660e+01
3.624631033967035165e+01
3.498678017877850266e+01
4.083547913891976577e+01
3.882088733019813276e+01
4.012996379101653588e+01
4.082689168050312389e+01
3.896535800882507772e+01
3.574843825119813800e+01
4.191675033063151545e+01
3.142871886665689374e+01
3.739080478086592052e+01
2.937653829671539896e+01
4.201770973686537758e+01
3.774427513268179268e+01
4.066559040630841082e+01
3.190857680497158100e+01
3.862418977397339148e+01
3.799889838382166118e+01
3.977270897607014177e+01
3.369921658826115873e+01
3.678097303074789437e+01
3.798762939584170795e+01
3.170546838682045276e+01
3.359819130446013702e+01
3.591807925674015678e+01
3.819746861651281478e+01
3.844313706501338856e+01
4.030475629414131333e+01
4.126634783396731621e+01
3.425937346213702028e+01
2.967626746978180918e+01
3.553878155358354718e+01
4.103564103507248007e+01
4.220534964424963675e+01
3.873540260584846351e+01
3.597743847942015094e+01
3.885701964734658276e+01
4.055084416513346923e+01
4.014170637413893417e+01
3.631471700203019282e+01
3.853723480531890999e+01
4.057918866187200280e+01
3.479268403678803168e+01
3.419329364008108740e+01
3.265641234813513449e+01
3.692131889900393560e+01
3.680228753110774420e+01
3.983028275780685590e+01
3.727540381400368119e+01
3.764416433900244385e+01
3.268496590831195192e+01
3.627967553528394973e+01
3.797736337061657963e+01
3.558356169276353143e+01
3.997425468342062516e+01
3.673921603815223591e+01
3.950791514580786412e+01
4.167392184763889418e+01
4.059649656245611027e+01
4.134228633902175432e+01
4.235655102531350025e+01
4.139167065097615961e+01
3.690540141345099556e+01
3.704321381259198631e+01
4.451058749686925609e+01
3.444559982765301953e+01
3.496570325482851871e+01
3.911279227109854162e+01
3.434051366103702208e+01
3.632026409206416417e+01
3.933754031910033433e+01
3.170447372770080108e+01
3.917456151575596834e+01
3.441122478512595251e+01
3.133667677507515492e+01
4.270872368736296920e+01
3.521426860446405271e+01
3.759239606329274608e+01
3.395621053393988831e+01
4.068648206192241190e+01
3.075144762153753319e+01
3.163992116294888746e+01
3.874441544103936508e+01
4.303970250934497699e+01
3.663677139083493017e+01
4.081300965639339040e+01
3.421410612727849809e+01
4.000164880349214513e+01
3.504852729796135691e+01
3.717350294873871519e+01
3.501735676219163906e+01
4.676200055890973317e+01
3.708379676496055311e+01
4.092985065689781976e+01
3.944945366732271452e+01
3.756967954069537541e+01
4.235752316153391206e+01
3.788125702559305097e+01
2.997393338259222517e+01
3.782146153553760115e+01
3.687777764272212266e+01
3.805556023426407108e+01
4.130248957541217436e+01
3.481191743108274039e+01
3.965350981402131225e+01
3.699650220329890971e+01
3.706727898537921106e+01
3.802976491285764382e+01
4.204839588217469526e+01
3.833694845918259375e+01
4.166173253693879985e+01
4.066500882506049663e+01
3.850044331580120627e+01
4.093294645269150323e+01
4.411750971288846301e+01
3.404128876604966081e+01
3.633489866656942269e+01
3.520330735892355989e+01
3.430885246618874618e+01
3.664512377464892978e+01
3.850806974429256258e+01
3.907799346158915910e+01
3.289486385829904691e+01
4.065319175995595202e+01
3.337152756446617019e+01
3.986970784391905198e+01
4.038855459408649295e+01
3.957423472501491091e+01
3.776352593557508897e+01
3.829227736279542427e+01
3.614865640801707514e+01
3.545455113944557723e+01
3.084218240740642258e+01
3.558071774999868353e+01
4.053506825597386154e+01
4.371192360146412170e+01
3.671192752861735187e+01
2.924759740190452817e+01
4.095469133779064208e+01
3.488940514471867971e+01
3.561859401353191856e+01
3.465337650866636210e+01
3.248065548745608311e+01
3.927642856533832827e+01
3.679226839628496037e+01
3.660464666410366164e+01
3.521389674108148427e+01
3.370430359483043503e+01
3.294670167812926564e+01
4.072083479645363013e+01
3.389071916175394961e+01
3.782755771702400693e+01
3.938490985108031595e+01
3.925744494673607932e+01
3.971812342356512460e+01
4.204775791014975539e+01
3.616732355766357188e+01
3.132334743414519806e+01
3.488997045919499840e+01
3.832472874198990809e+01
3.871230318194698583e+01
3.459406988790559012e+01
3.500163843820100595e+01
3.901291587416541518e+01
3.686246537648423072e+01
4.490289262593215369e+01
3.950393495823983159e+01
3.086402054210793011e+01
3.665488679253544291e+01
3.607325707549244953e+01
3.906808260073526640e+01
4.055028712632783794e+01
3.972960468248617616e+01
3.630275820598316727e+01
3.875545161033830510e+01
4.161892378913800883e+01
4.185325068389696668e+01
4.017511618207510793e+01
3.411942527392554325e+01
3.655553443472913955e+01
4.079988138858202262e+01
3.649137336012532273e+01
3.517509804385626637e+01
4.221836009933387857e+01
3.837125401852396323e+01
3.734727331229206726e+01
2.947815298268279349e+01
4.228970631423466386e+01
4.044990267036951082e+01
4.095798019544004376e+01
3.787535065105923593e+01
3.656779285919849087e+01
3.944851209991026053e+01
4.331554737236273667e+01
3.544178964685774247e+01
3.873010856981733241e+01
3.981913683491383438e+01
4.263892408090156749e+01
3.552997451246961447e+01
3.951820973308943508e+01
3.883835333920615085e+01
3.582027643666452121e+01
3.552206039565331253e+01
3.941015920138144679e+01
3.963483178786455596e+01
3.997822361882587927e+01
3.454972870417709885e+01
3.726490424547402824e+01
4.009711096855635049e+01
3.692434996904836453e+01
3.825347621524831254e+01
3.608130409671355920e+01
4.071731869616387911e+01
3.954908949248134320e+01
3.346233039050297009e+01
4.143751702780743074e+01
3.857269136114802421e+01
3.998936071465923447e+01
3.795975154753915604e+01
2.790951261084060775e+01
3.906280877882191049e+01
4.385385683403227830e+01
3.648023457155301230e+01
3.866925007762333877e+01
4.428456567918077269e+01
3.943479446933231003e+01
3.763055921835123030e+01
3.523040895961869268e+01
4.018988907000900213e+01
3.934177151490170843e+01
4.332497213717770279e+01
3.890997085407549605e+01
4.195032292659517736e+01
3.301906738157169485e+01
3.808856649998608646e+01
4.066257884762440256e+01
3.005240961364263796e+01
3.904293378926962532e+01
4.225257396182971092e+01
4.012036188751802257e+01
3.451529453273169423e+01
3.536180640736866110e+01
4.165209520207906735e+01
3.823250496760665840e+01
3.640960570796124074e+01
3.684587662775987837e+01
4.105201575815035397e+01
3.939362895606992510e+01
3.890683925729907600e+01
4.185468563043308876e+01
3.270128121594470372e+01
3.339742609130192363e+01
3.489351422570076977e+01
3.871787545072315595e+01
4.255844058212849035e+01
3.519646111942038402e+01
3.735642620996404872e+01
3.585203761173102066e+01
4.132987691798409458e+01
3.645854628111187168e+01
4.166148657778364850e+01
3.854333150684473708e+01
3.777332944092122347e+01
3.873267543597323481e+01
4.006866122963675991e+01
4.345978971400752044e+01
3.902809959256914141e+01
3.340748265068808109e+01
3.713567535056635194e+01
4.147472010923559083e+01
3.517798167312992774e+01
3.722417841762354129e+01
4.033534793843023181e+01
4.065371403887716895e+01
3.981190141178958442e+01
3.748058138665136596e+01
3.824963759715500800e+01
3.324886396326104432e+01
4.078333915128523302e+01
3.964361599246360868e+01
3.771262329924742573e+01
3.238701924245604857e+01
3.903145894869083321e+01
3.638133351435232754e+01
3.976942472437077924e+01
4.029583391866518838e+01
3.926921621145841357e+01
3.856587316790078290e+01
3.890963612911815517e+01
3.552750239112400266e+01
3.909797947547352948e+01
3.401904980198506934e+01
3.249703790512983659e+01
3.815916604053043670e+01
3.771876126803630314e+01
3.946088330035757963e+01
3.949149385814853019e+01
3.986907691615902394e+01
3.747287036186565246e+01
3.840509441438362614e+01
3.893665527465034870e+01
3.762476480302908755e+01
3.859284963800389789e+01
3.920582660387196938e+01
3.717637600928847519e+01
4.098952154253548485e+01
3.341163434154819356e+01
3.453923857690978849e+01
4.018051558997952810e+01
3.569804669482837767e+01
3.398785123234134176e+01
3.963132053710250347e+01
3.624546599896596177e+01
3.682347343435201026e+01
4.125305162758243682e+01
4.163011014329239146e+01
3.733582952998053628e+01
3.644778326827693604e+01
3.816771820972748230e+01
3.437871538514555425e+01
3.474286804141614482e+01
3.890776315845598532e+01
3.531879697959716680e+01
3.375207727656295020e+01
3.899739491675099146e+01
3.888897418177387522e+01
3.540431461466379659e+01
3.933934390500205325e+01
3.766517649429555803e+01
3.622803496402541867e+01
3.969243665492713546e+01
4.202590773811236602e+01
3.951525301157659698e+01
3.732329091631108753e+01
4.191491137131557565e+01
4.191637125649832996e+01
4.290859378798882062e+01
3.678461564477476742e+01
4.019920442659992688e+01
3.605019178377529698e+01
3.475036122810846706e+01
4.155937551164776522e+01
3.542415240001887611e+01
4.150703473544781730e+01
3.808676387899762972e+01
3.428352236080097981e+01
3.403457076922725122e+01
3.526735479513541094e+01
3.516725608646954271e+01
3.729727760109265233e+01
3.782333643328374961e+01
4.074373189100976589e+01
3.792149969222251826e+01
3.591028239819116408e+01
3.196233178661478291e+01
3.239017589443217560e+01
3.697630981015959151e+01
3.824023468935155279e+01
3.683732461876946473e+01
4.253350933243059018e+01
3.573869384879763089e+01
2.920530903575939163e+01
4.033598849273080589e+01
3.677193625441007185e+01
3.948381633350006581e+01
4.323548500175518683e+01
3.908034445167334781e+01
4.111746485749829105e+01
4.046816276761519759e+01
3.744901913207218769e+01
3.673391223392334126e+01
3.564781926007977120e+01
3.747485393963775380e+01
3.896974988764635128e+01
4.012027917191642956e+01
3.870337498074820815e+01
3.912602892557920597e+01
3.793690847120597454e+01
3.423794094816719991e+01
4.079087474212867193e+01
3.828775117791706606e+01
3.803995430146061807e+01
3.578700168563247530e+01
4.235237005353677375e+01
3.705707835608085787e+01
4.606560150059412706e+01
3.940679759724469022e+01
4.118239134397374812e+01
3.812366044959885159e+01
3.489116136197826989e+01
3.591871759110979667e+01
4.111580982073682122e+01
3.977270354774226746e+01
4.259080264649649195e+01
3.639279792489385557e+01
3.446994422025382931e+01
4.469124214659811400e+01
3.638211678885669897e+01
4.040503319581080888e+01
3.766678918256141628e+01
3.827355123383726720e+01
3.833619343548915026e+01
3.726740283776142348e+01
3.609119501812791952e+01
3.799171495504953810e+01
3.739596419598512966e+01
3.600536163533891454e+01
3.964229159646657763e+01
4.067211341912312150e+01
3.741999979091706052e+01
4.396790602046079499e+01
3.407307544251317921e+01
3.954543287059537704e+01
3.691451225925641211e+01
3.486114902159710738e+01
3.523256937456309146e+01
3.850548502352910418e+01
3.372788031186226476e+01
3.655404009817736721e+01
3.607198441403262024e+01
3.538932398270483048e+01
3.473031592515582133e+01
3.565181527341398748e+01
3.684931765918522473e+01
3.804388516643046358e+01
3.973621250005984251e+01
3.911173170196537541e+01
3.978009230286706810e+01
3.591810161321804884e+01
3.761334508358331874e+01
3.877882955990227032e+01
3.718226431045071934e+01
3.773330213036598479e+01
3.888508871116774657e+01
4.117184564030899452e+01
4.148394938038422453e+01
3.575266885259868133e+01
3.433050627503246943e+01
3.938369455009721065e+01
3.632801890320024540e+01
3.471466283472645387e+01
4.011535773566119900e+01
3.337940206272048727e+01
3.254441884247957262e+01
4.111530427127932796e+01
3.541976434386698713e+01
3.776949914730753477e+01
4.085502657877150767e+01
3.917506554938135110e+01
4.539691870819962816e+01
3.212878813951193280e+01
3.302701235301797311e+01
4.277338052853843919e+01
3.503836114407725688e+01
4.238864681357509312e+01
3.876790473536806303e+01
3.920182766969880106e+01
3.651677457862675169e+01
3.633896620114128950e+01
4.079454301946059047e+01
3.711360579743538324e+01
3.902370586279719333e+01
3.509841957353058461e+01
3.761793310905584775e+01
3.778788989428279166e+01
3.560680978269817842e+01
4.198396706399365996e+01
3.913330723204952477e+01
3.800196718452691158e+01
3.757736946541616874e+01
3.903521694427175959e+01
4.372427520703853787e+01
4.058876754148435850e+01
4.194622121074026211e+01
4.203662702587270417e+01
3.340940887517233193e+01
3.738874091364069585e+01
3.851490814861184475e+01
3.727197496333666749e+01
3.578045814579478190e+01
3.820216068215730587e+01
3.326459696583899728e+01
4.142721094089030487e+01
4.048105763337276386e+01
3.852206182454965244e+01
3.522650780151723637e+01
3.441715772761900638e+01
3.977856667486840081e+01
4.608132000473384693e+01
3.126045125504982636e+01
3.373977586122535399e+01
3.837213424734297718e+01
3.474849694820749590e+01
3.287046475894014463e+01
4.316643469250455922e+01
3.654245118918124291e+01
3.732011120953389138e+01
3.718917429068934410e+01
4.115913376845869465e+01
3.958359194647729140e+01
3.692714406929137283e+01
4.002376197460193197e+01
4.054864047198006460e+01
3.869944701174409118e+01
3.847534578592163257e+01
4.512583297240367131e+01
3.723000548908839846e+01
3.729826659006297263e+01
4.805169835097612463e+01
3.829107934339169361e+01
3.444187148647728947e+01
3.916971425838315213e+01
3.801862532466776656e+01
3.846820749286563057e+01
3.882508048811169488e+01
3.705202328351494145e+01
3.814819913722899969e+01
3.635266146455681735e+01
3.866644315578297864e+01
3.744321529838846629e+01
3.474847621265138287e+01
3.588673875153268256e+01
4.309465937864364093e+01
3.364268909134666785e+01
3.428484909443514539e+01
4.069801574092635832e+01
3.797208031011906826e+01
3.608255061436937439e+01
3.804821136142845006e+01
4.363901649747579370e+01
3.778014653537759671e+01
4.049027533263524958e+01
3.748369548380154725e+01
3.957077300790714247e+01
3.579328855884305938e+01
4.131832213908747775e+01
4.097883707036010037e+01
4.056016110420218723e+01
3.680605326335472682e+01
3.344199847738361342e+01
4.361582304758028528e+01
3.484978090663563677e+01
3.661867841823706726e+01
3.929228264932712023e+01
4.115798753115360142e+01
3.884772987645403930e+01
3.856879340693518543e+01
4.102052231122198833e+01
3.779195759676706956e+01
3.905603977262261850e+01
3.379641380235332804e+01
3.873635682191480356e+01
3.788808533899281628e+01
3.745863249132063544e+01
3.953531276850018372e+01
3.453835471613489005e+01
3.793911891334271758e+01
4.045382429971029836e+01
3.067992978912558755e+01
4.158992634361447926e+01
3.920569863910680652e+01
3.797720331079549538e+01
3.998064870042834684e+01
3.712419975428566943e+01
3.553754688145759388e+01
3.583284110835946734e+01
3.511090267430824241e+01
4.170983840987953073e+01
4.062878484295694648e+01
3.839388309460541393e+01
3.407150020333502027e+01
3.603497304549750169e+01
3.153725968650068268e+01
3.981496652180253903e+01
4.318960576738355428e+01
4.267381030679059251e+01
3.850889089885701821e+01
3.797169113946522856e+01
3.884225970088630930e+01
4.411023011621509227e+01
4.060860772610625702e+01
3.554737643324160956e+01
3.398890844744094153e+01
3.686850030832720648e+01
3.869741380375408113e+01
3.832942129150467281e+01
3.796275379040287135e+01
3.838744648000370319e+01
3.912641341061021905e+01
4.479568367304298704e+01
3.831551353005797012e+01
3.986859727459214753e+01
3.217812386177149619e+01
4.025489955905290884e+01
3.893464493502240487e+01
4.228828243921837071e+01
3.640826682313721818e+01
4.352110366261771901e+01
3.536953078832151931e+01
3.814318581306001477e+01
4.265522440957266070e+01
4.351770956901967224e+01
3.515116636403059402e+01
3.736423083581360061e+01
3.867655492670326112e+01
3.930654698131537117e+01
4.048669437440243968e+01
3.546409602580169462e+01
4.048393600833479411e+01
3.839758123210943097e+01
3.891571350613153868e+01
3.567842063721678159e+01
3.751791093349575590e+01
3.659950549286544685e+01
3.785655682794860866e+01
3.763022051904314935e+01
4.299555375240542787e+01
3.656305494402997169e+01
3.788411158675148016e+01
3.806119791172344691e+01
3.068609698195573543e+01
4.063905786329252123e+01
3.921318396586537602e+01
3.402227155548953164e+01
3.500686076055914242e+01
3.078746742900740330e+01
4.225022533725665141e+01
4.356408028784291275e+01
3.358851051209252603e+01
4.023258287613695217e+01
3.886160700989665173e+01
3.767408454399371465e+01
3.972708837638313639e+01
3.210185052630585290e+01
3.610718558016320401e+01
4.680530607016519440e+01
3.613377636641917690e+01
3.871754916432125526e+01
3.779745657151035942e+01
3.621537017994609187e+01
3.688290425650016147e+01
3.753477547124562363e+01
4.226812986493904134e+01
4.045301816296021968e+01
3.602548142495693639e+01
4.100742287138054820e+01
3.726623240800282844e+01
3.816017609827225243e+01
3.773567701317820422e+01
3.621762294238939717e+01
3.804751882820286824e+01
4.032012659144766076e+01
3.799581142351460272e+01
3.947139459721494603e+01
3.779820121866804783e+01
3.964139524917990798e+01
3.572387961800230727e+01
3.772732131800436406e+01
3.608794522093867840e+01
4.512165235342556713e+01
4.102525362503359929e+01
4.250442107265736524e+01
3.782018345325953845e+01
3.280144871048538846e+01
3.937449179979221725e+01
3.916447891818595650e+01
4.373830470566070261e+01
3.444228203479742945e+01
3.672749541987221278e+01
4.195173769324247814e+01
4.117758528874843194e+01
3.863344803042619446e+01
4.269253086011585907e+01
3.642347267449060411e+01
3.541840904497376386e+01
3.881995532309724695e+01
4.000645915070551695e+01
3.241773662240213838e+01
3.894172129820552897e+01
3.635960763628332870e+01
3.849572620329930572e+01
3.590024223650438984e+01
3.932155100884517651e+01
3.897574370233994046e+01
4.213984962328621009e+01
3.908105757234442024e+01
3.242160145400080751e+01
4.074430207260151349e+01
3.498590729346057060e+01
