4.157441129886058206e+01
4.110169414589148573e+01
4.227542120526373282e+01
4.318853017104287062e+01
4.329920918650296358e+01
4.223917032587623055e+01
4.047093752046035320e+01
4.133063071919136178e+01
4.171866373231944891e+01
4.259470151363827739e+01
3.834264593735255033e+01
4.322854230527849495e+01
4.256739570272183926e+01
4.596316423086959446e+01
4.442517526768318703e+01
4.211151453046651483e+01
4.142075449430529233e+01
4.115908504136535839e+01
3.692794010340729471e+01
4.381323957170170047e+01
4.581515221153420470e+01
4.395794262131435204e+01
3.870022398589826196e+01
3.951760992443811915e+01
4.495405468285302675e+01
4.427581100591285690e+01
3.918252776992386543e+01
4.160158500988895725e+01
4.175292273895797024e+01
4.912063397556001831e+01
4.020893862718281042e+01
4.453785463787249910e+01
4.167915029116866066e+01
4.540036628415130338e+01
4.878229982685123645e+01
3.729438703993704962e+01
4.126305669410535160e+01
4.268362094542234786e+01
4.292910364140119128e+01
4.495299978228951687e+01
3.646421987134919362e+01
4.188987957228233228e+01
4.323515588754091254e+01
4.001519370605715409e+01
3.658822797954988459e+01
4.429796039898013760e+01
4.388069815638230153e+01
4.059385991484630551e+01
4.250556535408302494e+01
3.810658240947780939e+01
4.376339326193254209e+01
4.456727837604959319e+01
3.653356070284117152e+01
4.678665249722629937e+01
3.706053372738459473e+01
4.510852137232343040e+01
4.090329202335297509e+01
4.539304668122824893e+01
3.995956643621246229e+01
4.436221384776589360e+01
4.261449105633681000e+01
4.116505049267350813e+01
4.589768853843349206e+01
4.505608380843546712e+01
4.452440233803502423e+01
3.915123801339713339e+01
4.869263429208101002e+01
4.330589488152885025e+01
4.143791968006915027e+01
4.433027326908859322e+01
4.175117068332922088e+01
4.555044182230416538e+01
3.453002696716069408e+01
4.094702919536210572e+01
4.426586622777496416e+01
4.137395524305409822e+01
4.225588405654193025e+01
4.012648124066645039e+01
4.064951629176766090e+01
4.421327322185304354e+01
4.377670621889082980e+01
4.758318816270246998e+01
4.362125083308658446e+01
4.710401483378960563e+01
4.361530187668708436e+01
4.067740915217979847e+01
4.327126921603037601e+01
3.741055865594866248e+01
4.576996352016030301e+01
4.319050249923451190e+01
4.210786058472313442e+01
3.701891165743602841e+01
4.286933052155521295e+01
4.114424285912298984e+01
4.018771674828940377e+01
4.009596862238743853e+01
4.299429844469776896e+01
4.324719793946044177e+01
4.078786748002671203e+01
4.474994075602161558e+01
4.157923234101066612e+01
4.187061618519235395e+01
4.562354475524037412e+01
4.023729502110735012e+01
4.245954131177248314e+01
4.402637904126592616e+01
4.119537732290025644e+01
4.414682543542450333e+01
4.431422484788485150e+01
3.994746743257892518e+01
3.884053930218662742e+01
3.698085623989580029e+01
4.360453026938505872e+01
3.929786296771368370e+01
4.506358242831397831e+01
4.017976635194482071e+01
4.517870218793291315e+01
4.173148501788716658e+01
4.091302037207099573e+01
4.252780728114344555e+01
4.721508104631148228e+01
3.290940286079938915e+01
4.609649791368660487e+01
4.006139407804257502e+01
4.223453144291584493e+01
4.579714207046456664e+01
3.942343470524611604e+01
3.494790196323602771e+01
4.748142699757350726e+01
4.363175944605842460e+01
4.016670222312281879e+01
4.452263670433589482e+01
3.837657128691986941e+01
4.255692873097518714e+01
3.524860327122542003e+01
4.447407931054887342e+01
3.954882266860496998e+01
4.419062938735847723e+01
4.163443629357138320e+01
4.034349647249996451e+01
4.170882637306203833e+01
3.901581467830908423e+01
3.945267157957494675e+01
3.912436542834210940e+01
4.136493362671949825e+01
4.064096872555497697e+01
3.938632266854479269e+01
3.867991956436289058e+01
4.609268950086372030e+01
3.916848655850323979e+01
3.708054765039099010e+01
3.851597520323385027e+01
4.427220217385777090e+01
4.108960773834555624e+01
4.305740923291983790e+01
3.585977782373583977e+01
4.565708668395180325e+01
3.950833528836814423e+01
4.468674593972288278e+01
4.059778319142362335e+01
3.833988879340060407e+01
4.427116642467579766e+01
4.465664099008189680e+01
4.618235171004297968e+01
4.812674262774726941e+01
5.286558268775670655e+01
3.813086478553404390e+01
3.956758499657058792e+01
3.566338901430764707e+01
4.596033052754793857e+01
4.527530913047320382e+01
4.319532897674393723e+01
3.956899437839597056e+01
4.181339984286206146e+01
4.002404779320819728e+01
4.343097274378643391e+01
4.397651130705111200e+01
4.835800132954177855e+01
4.598550365372670967e+01
4.753092798150017728e+01
3.987452857995511124e+01
3.841096394314052986e+01
4.377885832831654511e+01
3.987072945972065696e+01
3.824283210920206244e+01
4.419729765399868171e+01
4.303090055056298269e+01
3.692458853719730882e+01
3.875996080790808662e+01
4.614674637804102275e+01
4.503633427895258734e+01
4.005443146849346192e+01
3.932557837384934629e+01
4.064959165716607004e+01
3.910015404065947564e+01
4.089172149143115575e+01
3.788933158869861728e+01
3.948761957116956012e+01
4.292671799770984364e+01
4.632219364842895004e+01
4.534175748073058543e+01
4.217040980462813593e+01
3.922479457736282882e+01
3.774628170425144447e+01
3.894320844228953860e+01
3.849241634541151313e+01
3.933114167653814519e+01
3.989527454636832715e+01
4.239569206805565216e+01
4.342529289503777079e+01
4.010724942421018113e+01
3.630668609089801180e+01
3.900101191978024673e+01
3.933475951897639789e+01
4.421456276705678334e+01
4.261572733096344479e+01
4.657384714075811871e+01
4.069784985768430374e+01
4.015657721539488989e+01
4.563856137539414703e+01
4.587594467779700835e+01
4.415378591524009977e+01
4.529011561744137282e+01
3.895875822253510989e+01
4.424339724312856958e+01
4.277571002536353006e+01
4.104451797107127220e+01
3.645356185666757654e+01
4.515927781558156795e+01
4.290970557431195687e+01
4.357991929880580528e+01
4.489157845925733881e+01
4.149907816413248440e+01
4.559820563800522564e+01
3.997602599498856790e+01
4.361845669212000587e+01
3.954558630737201241e+01
3.745189906511035360e+01
3.607559991473272731e+01
4.275234612218828545e+01
4.251783225534689592e+01
4.133561996929444859e+01
3.913617768160276711e+01
5.313191005109136000e+01
3.791657305854583626e+01
4.173334815344459514e+01
4.715704545758136135e+01
4.158150340046515225e+01
3.671826745353075694e+01
3.988727860872599962e+01
4.119667668561653784e+01
4.112199791977142382e+01
3.990212037240745957e+01
3.840095565082499007e+01
4.209899730309067678e+01
4.456180986172022074e+01
4.240501637790899991e+01
3.674215375372815373e+01
4.000440926728401791e+01
3.805587442878631776e+01
3.751126934050996908e+01
3.961101776001747510e+01
3.520888184078030747e+01
4.158759155623106807e+01
4.244604233702457208e+01
4.090169936498779180e+01
4.566680903142162151e+01
4.519002341700385017e+01
3.989043108638006885e+01
3.709115333908950163e+01
4.163211211935671230e+01
3.680339180467819205e+01
4.128590017248983202e+01
3.961931724455573089e+01
4.469892948999352456e+01
4.124523875636288039e+01
4.591990710778606655e+01
4.047552439106277689e+01
4.316514270457810198e+01
4.113043499147795501e+01
4.442251679959885990e+01
3.667027686279352139e+01
3.588597864217549471e+01
4.775645867809772938e+01
4.497107775863377555e+01
3.722665765786086212e+01
4.499785196793519759e+01
4.084881904942078279e+01
4.543341219324994285e+01
4.466937216576491210e+01
4.789084119467264600e+01
3.890445078091187980e+01
4.439376059269856256e+01
4.503824518584615078e+01
4.134097541003932719e+01
4.241408539556802992e+01
3.916708744225019245e+01
4.096344245239387050e+01
4.195920097190182219e+01
4.313697653762737616e+01
3.908594866249226385e+01
3.955207086762104041e+01
3.950820776240594512e+01
4.059397133640304389e+01
4.136708601478945724e+01
3.846393145042642914e+01
4.252249570412021740e+01
3.681831884725394843e+01
4.422493354132198817e+01
5.095553564257161838e+01
3.693584577649933465e+01
3.972918351227985312e+01
3.962157865838480575e+01
4.117442151903902925e+01
4.352803135128327483e+01
4.410225504396303364e+01
4.232275454076692967e+01
3.741258839593552921e+01
4.831345564978406770e+01
3.974488077230804350e+01
3.754131420355038529e+01
4.520647134716648452e+01
4.669113456123609041e+01
4.357752093582372765e+01
4.165959899504287023e+01
3.796188570863848355e+01
4.137411719554497580e+01
4.119380521048489641e+01
3.646283996680367068e+01
4.204511089956694292e+01
3.931333566220411768e+01
4.553663722536192893e+01
4.617469267184245041e+01
4.843651123492691823e+01
4.553240666569271866e+01
4.520674784041892735e+01
4.544429229575337104e+01
4.210943669186183058e+01
3.952250265887388281e+01
3.843069053326024687e+01
4.096246471795565469e+01
4.447457564062676738e+01
4.177835043225693568e+01
3.961926000320556085e+01
3.988500095802107381e+01
4.060647208916206807e+01
4.552208047068253904e+01
4.704223644014697925e+01
3.985174849256777918e+01
3.835812866002905253e+01
3.947124112431910703e+01
3.897035962700848444e+01
4.584768325660363075e+01
3.771199563475978067e+01
3.935483350965419902e+01
3.984085397377722870e+01
3.939883665393205092e+01
4.204712886541147299e+01
4.327341844676446669e+01
3.818442538973049949e+01
4.096399542593979248e+01
4.074337147031555872e+01
3.710659919234508664e+01
4.385244726745983002e+01
4.086502221486685471e+01
3.636590145191421897e+01
4.419167540278307627e+01
4.539905904543775961e+01
4.695136636716233625e+01
4.528619235408334021e+01
4.344725639409810469e+01
4.050975266641841444e+01
4.359781108766318880e+01
4.643887282403558459e+01
4.568755828511793027e+01
4.162956197813377912e+01
4.642460585393715178e+01
3.893183759920665921e+01
4.404966813185829722e+01
4.439826888741012567e+01
3.729060828489649282e+01
4.102764211712051434e+01
4.018444235880905069e+01
4.526032231338545841e+01
3.809569624457071768e+01
4.400071235211559895e+01
3.517477103091906798e+01
4.580315787231207736e+01
4.079391302049521073e+01
4.285837106345226033e+01
3.740215107422308449e+01
4.582203493699377361e+01
4.671332603838926190e+01
3.805712665546037954e+01
4.226496619692584034e+01
4.688424259320681386e+01
3.842645360488893402e+01
3.738814601129429604e+01
3.999075240167360334e+01
4.374094632030321605e+01
4.152339746967204803e+01
4.125162631289791193e+01
4.688912936493106542e+01
4.405611122616231512e+01
3.897525894248922640e+01
4.535062448571220273e+01
3.692728297635524370e+01
4.006788784082814914e+01
4.276051542856715315e+01
3.552243617222463001e+01
4.218566259021885401e+01
4.132029834851424255e+01
4.011215531688830538e+01
3.836313788091651134e+01
4.072390733718044231e+01
4.402709772572894309e+01
3.993460468387421258e+01
4.837930310244348675e+01
4.581658743393176536e+01
3.772813079525656121e+01
4.274966337538511851e+01
4.344886466829022709e+01
4.579704945810902927e+01
4.435507645597582638e+01
3.793249283283437023e+01
4.110638170706263139e+01
4.412028556085903119e+01
4.205144088097523536e+01
4.185694746847951819e+01
4.898105793799680896e+01
4.199085307899918718e+01
3.727542418757824549e+01
4.203950863814837646e+01
4.146646400896198514e+01
4.009436504120114364e+01
4.344846896034214723e+01
4.004722615301113819e+01
4.225371814384325120e+01
4.684904278630769880e+01
3.860537085068397545e+01
4.131708537455172348e+01
3.866448086353610591e+01
4.110447174546639104e+01
4.291082003412086721e+01
3.870465058976736827e+01
4.746165171175149311e+01
4.073626797930188559e+01
3.814840030610957200e+01
4.253821490783074921e+01
4.553044121877760375e+01
4.193467253103232650e+01
4.441344221386414404e+01
3.966396061767215286e+01
4.253946950249274295e+01
4.333748231707966170e+01
4.020404385258701296e+01
3.973729322301031885e+01
3.916102509735030424e+01
4.811850260766276222e+01
4.330065011645613282e+01
4.460278248917355626e+01
4.243343346949549755e+01
4.099349058135580037e+01
4.184800394593152362e+01
3.992748453612396276e+01
4.213979964290088986e+01
4.031587980089167189e+01
4.109957398729315514e+01
4.231372618277323028e+01
4.230423068249745455e+01
3.913147424416597175e+01
4.174486194871379041e+01
4.260667013304158957e+01
4.411733147682409140e+01
4.324646148163344606e+01
3.893548615151468795e+01
3.960429683096273834e+01
4.279730101203622183e+01
4.324882320107906253e+01
3.849439517894042240e+01
4.730816679377794287e+01
3.956777341590704822e+01
4.225744077648528219e+01
4.394282892227097648e+01
4.329372145974176789e+01
4.547791188425688347e+01
4.318038701931514822e+01
3.866510576090425388e+01
4.797735760838194352e+01
4.455754786007770463e+01
4.096500837320062516e+01
4.059582147343382275e+01
4.150519521445200155e+01
4.239178253580232081e+01
3.852618607255164562e+01
4.486069898127163924e+01
4.388728421051594353e+01
4.237223694023768417e+01
4.502481126786634746e+01
4.258221683396585888e+01
4.631161261058520040e+01
4.382439314339363534e+01
3.717095214528966807e+01
3.372023033078284726e+01
3.808353244031966511e+01
4.514339469180592346e+01
4.444880111199288564e+01
4.295419009062906213e+01
4.609520856758140184e+01
4.006548121249497996e+01
3.814422588002244652e+01
4.590819072439091997e+01
4.472590651844171106e+01
4.349673750287693252e+01
4.359368468824865062e+01
4.202370823717517823e+01
3.562866571666744875e+01
4.651546072273303878e+01
4.643969831455492425e+01
4.395269111245004012e+01
5.019863552850104327e+01
4.344071254463622722e+01
3.363912143211254602e+01
3.690005586347704281e+01
4.146845325525753623e+01
3.667942453194962127e+01
4.512186320708867271e+01
4.195487102035022531e+01
4.005628930519367970e+01
4.018000654789784676e+01
4.227190431988294250e+01
4.756211517277333201e+01
4.258792121596280111e+01
4.648587320418573654e+01
4.705680502360996798e+01
4.234366208821327149e+01
4.319898627552380788e+01
3.929708772735806122e+01
4.424162757127083978e+01
3.523800110914358186e+01
3.599651682780468320e+01
3.993045089953164961e+01
3.800904315260542177e+01
4.205855162393798707e+01
4.160049376237960672e+01
3.726626575618476522e+01
4.125240698901266967e+01
4.180236715017434079e+01
4.507628680661485987e+01
3.863025840486052687e+01
4.371788184150904755e+01
3.811776299852727590e+01
4.339171720731388149e+01
4.169974255494729931e+01
4.485574066631413359e+01
4.090377219733510117e+01
4.322778993832602623e+01
4.390805889653917404e+01
4.423220786341301647e+01
3.889277838898599526e+01
4.246997248197002506e+01
4.160309728900781323e+01
4.706314318497456384e+01
4.349676575915903953e+01
4.255765048370550119e+01
3.772251357618749523e+01
3.914414573158671828e+01
4.632070607628055114e+01
4.282178787023595845e+01
4.323243008866397474e+01
4.126880383102097483e+01
4.197030041460417493e+01
4.335064924327055280e+01
4.810551683818611934e+01
4.461703704330803788e+01
4.399861592696441903e+01
3.963518745262481957e+01
4.083655149817369079e+01
4.115085016679876873e+01
4.574326935620155155e+01
3.481003401982803069e+01
4.408006198442312495e+01
4.248575281579088880e+01
4.255835619537281644e+01
3.604055370353261623e+01
3.912226158007577936e+01
4.271138791651071642e+01
4.025288200784322612e+01
4.282297103016242090e+01
4.322032222476649821e+01
4.347748805487838553e+01
4.522273098936216940e+01
4.497653370443214271e+01
3.774117132533726249e+01
4.239700532423319146e+01
3.948807909836807539e+01
3.925031656158974158e+01
4.078509291872567388e+01
3.826861495575620609e+01
4.776123023412921498e+01
5.005525113504278067e+01
4.372887921326996263e+01
4.490706202553668192e+01
4.291885239996793189e+01
4.320313466539065672e+01
4.349323268382258334e+01
4.812782694570211106e+01
4.078184284862965825e+01
4.271345434774251260e+01
3.465064303761865006e+01
4.835077999346769673e+01
4.366934174798046087e+01
4.115434529433753852e+01
4.506926328708487972e+01
4.354842757714704504e+01
4.022468281659013911e+01
4.279579588886772257e+01
4.146621237425356554e+01
4.166099753719287691e+01
3.952533252568487399e+01
4.200807222230727689e+01
4.127461064398436008e+01
4.127917279364299219e+01
3.916195344180722770e+01
4.427598260877136482e+01
3.789582977158292465e+01
3.897160782815948465e+01
3.682586156524534715e+01
4.926511177299349953e+01
4.107739108476281586e+01
4.517360771523616592e+01
4.850723248154928768e+01
4.080089521297958299e+01
3.951106984583956461e+01
4.347363075753821704e+01
4.380444563690246440e+01
4.164400483473009018e+01
4.443935527174480171e+01
4.254099258529973326e+01
3.993429375362838840e+01
4.081228638953310650e+01
4.084141852216989577e+01
4.160461974497275861e+01
4.364817543966052682e+01
4.042620039864039683e+01
4.271545586286504204e+01
4.317650392789966673e+01
3.973875024012225765e+01
4.548023555826775777e+01
4.297559409189986468e+01
4.256197608136729116e+01
4.123409700177055015e+01
4.048413707899506164e+01
4.006072141556185073e+01
4.960841897314018922e+01
4.039900448642162445e+01
4.212312922142437799e+01
4.215356495862709352e+01
4.447641690444640972e+01
4.043322700789311597e+01
4.312714280221601371e+01
4.445133383887616674e+01
4.104524530965437634e+01
4.358643158509566007e+01
4.251447780458538261e+01
4.725788131102136447e+01
4.086728728666343358e+01
3.900314800944696714e+01
3.882597460134321921e+01
4.375505919037819069e+01
3.623165810470344184e+01
4.265137634918058041e+01
4.192763791554797592e+01
4.759197126734294159e+01
4.671960997828409035e+01
4.230155939554929745e+01
4.261862178023024939e+01
3.767627602483716487e+01
4.466474816336477005e+01
4.111855109161941613e+01
4.064589426595216537e+01
4.367271999021028961e+01
4.033638656684998836e+01
4.565190458351100489e+01
4.331111803795281645e+01
3.826688940692480401e+01
4.429623398024151726e+01
4.747885778367835741e+01
4.037021503822163027e+01
4.239525950461033688e+01
4.396785687784788621e+01
4.134789415033021953e+01
3.559785886447481573e+01
4.477060754071720794e+01
4.235626660688662071e+01
4.477028006130500870e+01
3.836654984610113672e+01
4.057100711635588652e+01
4.647702520124671821e+01
3.683170334401516044e+01
3.855490177149093256e+01
4.162570983166975225e+01
4.373074231073387352e+01
4.414888173016230155e+01
4.857444048568206796e+01
3.923464524849592294e+01
4.152722239899179613e+01
3.738387381731792658e+01
4.209285628635240784e+01
4.141220558871130208e+01
4.006997716838753121e+01
4.724218632864073442e+01
3.703700389007251204e+01
4.404364693134500897e+01
4.324294084598863463e+01
3.685216628327758315e+01
4.013864307074288718e+01
3.992178136075823858e+01
4.319939741529200461e+01
4.958094663361919174e+01
4.675987657946526355e+01
4.080109694073644278e+01
4.114699527561277392e+01
4.512802502495307522e+01
4.127869752010207094e+01
4.597386717059195860e+01
4.220815412907818143e+01
4.211620929747684272e+01
4.668091031328986418e+01
3.938512774346838086e+01
4.400617631106982230e+01
3.664143862225564874e+01
4.066409468151162088e+01
4.158393112504608524e+01
4.283191644929443243e+01
3.812388315936004801e+01
4.274262683023427201e+01
4.163380435879278707e+01
3.996203741402949561e+01
4.293801098820750894e+01
4.540111449844960134e+01
3.849229419552082732e+01
4.368718850266175480e+01
4.477833657543920509e+01
4.195475392279329441e+01
3.921804200857055633e+01
4.268517869350975502e+01
4.597205540264563695e+01
4.198782135388732684e+01
3.701920568021755287e+01
3.785375876732407363e+01
3.794207211267170976e+01
4.306097300000794803e+01
4.417357267660133857e+01
4.543338041987403386e+01
4.466866306131495890e+01
4.633330777667674738e+01
4.620051256458962285e+01
4.469303048515262589e+01
4.509929506768941110e+01
4.478186166967535087e+01
4.257159674642817748e+01
4.664464541211223292e+01
4.270328982656974404e+01
4.579267682733743072e+01
4.403099491523582287e+01
3.762100205947479026e+01
4.014281978090086511e+01
4.091596211770845315e+01
4.066311216802330364e+01
4.370843362352714934e+01
4.837151730499942204e+01
4.498953604796433581e+01
4.899135912659402692e+01
4.575251143461697012e+01
4.561683680259552887e+01
4.598323680152473969e+01
4.248745723071762370e+01
4.026574272228895524e+01
4.215766968496458134e+01
4.217632686697211142e+01
4.121594205094565666e+01
4.795984292778616975e+01
4.510056770464585441e+01
3.864856411252544177e+01
4.139772739637744792e+01
4.015283169333628877e+01
4.174141575540243565e+01
4.208133701232478074e+01
4.632623068110095232e+01
3.996591167905888398e+01
4.030669013396185107e+01
4.114234912645996900e+01
4.412691488120962902e+01
3.989796172651781347e+01
4.117500514041989845e+01
4.241995798944859075e+01
4.719422300020322325e+01
4.169301212639373944e+01
4.353604762516815896e+01
4.904278362401103664e+01
4.532757200495476013e+01
4.463543479615869813e+01
4.584435907871802129e+01
4.235157996341408904e+01
4.204547014998549059e+01
3.815608010363134639e+01
3.743967988482111053e+01
4.495972820416700699e+01
3.589310280076629311e+01
5.259444631962175976e+01
4.029797000745330138e+01
4.697015488655526383e+01
4.465088962591648425e+01
4.167338000723846392e+01
4.115553715759911313e+01
4.198582149825869436e+01
4.377511480038443636e+01
3.919472548003683698e+01
4.384162955180840981e+01
4.068723606905582102e+01
3.971463660760646519e+01
4.460639640554914109e+01
4.042659712144602935e+01
4.107786594982847816e+01
3.870642472252352206e+01
4.338298751920495988e+01
4.449470893376286540e+01
4.667477877448680346e+01
4.413625291921567140e+01
4.037144659276924585e+01
4.064455899606904410e+01
4.087292093697912065e+01
4.234505769936983910e+01
4.114755300685692418e+01
4.658832425155128476e+01
4.163178189021665077e+01
4.468475693489617839e+01
4.583350355552978073e+01
4.210288630934895338e+01
4.137285991804998986e+01
4.780479790574180754e+01
3.851809046051182150e+01
4.460098846838161535e+01
4.391715789854971774e+01
4.006575670523854882e+01
4.113323994355371127e+01
4.200121451244298498e+01
4.056678885934840650e+01
3.877802238383817013e+01
4.260758442422221037e+01
4.231684205488303974e+01
4.078319725417912167e+01
4.339443119071914623e+01
4.234562214901940536e+01
4.251168825039153631e+01
4.299930481760657131e+01
4.263047367228170970e+01
4.030645334273338420e+01
4.127571813183757854e+01
4.698556156088692148e+01
3.805488186860812050e+01
4.180459802050111762e+01
3.736207371787453013e+01
3.568953861011712547e+01
4.055676068903362363e+01
4.001471869413826710e+01
4.478196707492207196e+01
4.161598215879837426e+01
4.298145252019343587e+01
4.055807742322623710e+01
4.780057360868957517e+01
4.666561710463299306e+01
3.701650494913455702e+01
4.441181328448487164e+01
3.402584289914218374e+01
4.415832150798721756e+01
4.419411407487393717e+01
4.246381822535986572e+01
3.288799747164631526e+01
4.241414675121541222e+01
4.331953103470515032e+01
3.625027611078238010e+01
4.111871203814618525e+01
4.387662937027008070e+01
4.522953280310861857e+01
4.179945448372738781e+01
4.202341344302637083e+01
3.798481122710260394e+01
4.213045017079976873e+01
3.993344893364073300e+01
4.087512931293593965e+01
3.751773598266708376e+01
3.759056158939731063e+01
3.305684597446283135e+01
4.301865794031099455e+01
4.320355740567164560e+01
4.302862302643983128e+01
4.260368366945628793e+01
4.095117038873939919e+01
4.063356137876399998e+01
3.904108355594437541e+01
4.091526389196980773e+01
3.935742587904100276e+01
3.957895048433053375e+01
4.424504424075897902e+01
4.774756899356037110e+01
3.935777786170528714e+01
4.142050508899529149e+01
4.325233609419738912e+01
4.291569189389678485e+01
4.238214810066987326e+01
4.768751556803723446e+01
3.904965586517781162e+01
4.054301955084013542e+01
4.862778261095157006e+01
3.818342894313569502e+01
4.218988499923489854e+01
4.722854959933525976e+01
4.314762763663836864e+01
4.467503380929429113e+01
4.396670085258679705e+01
4.464164062751643769e+01
3.349063584903105095e+01
4.551630423924534341e+01
4.225555308469032667e+01
4.428320617501896805e+01
3.815878818779428627e+01
3.559267578094170403e+01
4.267968843260968015e+01
3.486863287427537728e+01
3.859694977156787843e+01
4.201210848829354205e+01
4.527761124548326421e+01
4.008669928004793093e+01
4.020342704212695395e+01
3.708577556987341950e+01
4.760352475690411467e+01
4.251271757109763882e+01
4.108657221929643555e+01
3.929778530483016397e+01
4.800931812256828835e+01
4.108891575233384685e+01
3.758202558201665511e+01
4.026952773241102790e+01
4.498452595155713851e+01
4.470467431422468252e+01
4.659512551662636071e+01
4.493095237970220523e+01
4.230134111044016265e+01
4.663386737380621838e+01
3.923195994919541363e+01
4.386129121100271533e+01
3.895664182329012704e+01
3.923022338885920846e+01
4.436732704291219420e+01
3.795867663355812738e+01
4.220463001524667845e+01
4.305129098302576551e+01
4.299086845683061853e+01
4.396318421006016308e+01
4.516769374433239648e+01
4.035076945505826984e+01
4.081259720225679644e+01
4.287072744709345073e+01
3.958239057984366127e+01
3.803615655149191355e+01
3.772051355682138052e+01
4.068761448227401445e+01
4.310167386857811067e+01
4.115495725742978550e+01
4.106776183817918735e+01
3.906083346865852235e+01
4.457241853198205916e+01
3.978223577669275102e+01
4.551128703320607372e+01
3.857929778521783959e+01
3.656149603271509108e+01
4.489496684692620931e+01
4.222259099779260794e+01
4.754841688738380867e+01
4.471612047093937292e+01
4.295788841703360106e+01
4.148141042845340110e+01
3.865524431811931549e+01
3.923787764937425493e+01
3.522867582313872958e+01
3.647489998880522677e+01
4.390715139321854821e+01
3.691611947440829766e+01
4.363194218431421234e+01
4.567367926228349262e+01
3.927275734674673657e+01
5.225377132613317599e+01
4.249635242490392528e+01
4.274029806764186645e+01
4.285331084204704410e+01
4.389768202619256243e+01
4.320766804149307205e+01
3.886713769031832300e+01
4.158575513673361002e+01
4.476344264439985210e+01
3.846312511705174586e+01
4.532025534985543658e+01
3.569901954988775117e+01
4.188422958627541703e+01
4.497027309852231269e+01
4.628109688892310203e+01
4.219372797746603254e+01
4.803091165690219810e+01
3.621782792759668723e+01
3.972281366093233856e+01
3.567905256987693718e+01
4.290322062044590012e+01
4.330094838097652854e+01
3.688245630226983707e+01
3.922767284794843334e+01
4.029231793711355181e+01
4.327332243675083134e+01
4.383315838668661257e+01
4.493518521979722635e+01
3.926754675904927439e+01
3.865444735673025889e+01
4.286053507864284740e+01
4.482775303709222214e+01
4.407342789194919419e+01
3.845754725934848040e+01
4.482396399629897843e+01
4.244345340906484410e+01
4.000005376934814905e+01
4.131218554565712964e+01
4.661785834612823010e+01
3.670700882600908699e+01
4.716884847097783506e+01
3.801154467654188096e+01
4.047374982677151678e+01
4.491674944125962554e+01
4.230152603112377108e+01
4.329474622205026435e+01
4.017997661468999837e+01
4.154398278042050663e+01
4.526679983432629228e+01
4.271646082403261602e+01
4.496206910870942863e+01
3.958581454564544799e+01
4.131695289794458148e+01
4.067062707168695823e+01
4.310831570491853881e+01
3.961815471359710017e+01
4.339806750714475214e+01
4.522922234795375118e+01
4.364980855367937096e+01
4.103230351790369212e+01
3.931636250459598614e+01
3.410645690515801220e+01
4.027177798635936767e+01
4.300600875960564196e+01
3.870430800445900843e+01
4.270936575852890371e+01
4.021161508267142182e+01
3.845271671118456425e+01
4.247245993525603325e+01
4.911866768486360968e+01
3.675167851991943024e+01
4.318912862598097746e+01
3.990980936026492998e+01
4.160709382631431197e+01
4.417749063272189147e+01
3.685973934714502320e+01
4.239971044274695089e+01
4.205027845082735638e+01
4.817069535929410051e+01
3.868342228106863701e+01
4.567023941563755329e+01
3.860609111665141313e+01
4.097847720385784243e+01
4.298553128430226877e+01
4.425549209820594143e+01
3.822623766686980673e+01
3.878392084606307577e+01
4.549163310161031859e+01
4.460477716336053788e+01
4.186110760140926601e+01
4.367048717435285710e+01
4.108271368457501183e+01
4.690625345523898204e+01
3.994917961260656369e+01
4.455643699580011940e+01
4.638179696409620334e+01
4.292001330647482860e+01
3.813826995781077045e+01
4.246418743875220514e+01
4.218640856644060477e+01
4.224996315643577560e+01
4.383833793400941659e+01
4.204529530401787696e+01
4.422329908891068584e+01
4.433065203626784978e+01
3.802073670820517748e+01
4.135876376620786488e+01
4.803278568340298449e+01
3.780954126046052011e+01
3.847616719950030983e+01
3.848988375580207588e+01
4.289446889493164150e+01
4.790731740589841792e+01
4.200589143384795676e+01
3.604754077231959997e+01
4.205215285446421092e+01
4.671634438250136867e+01
4.832699598233637772e+01
4.328873175472721613e+01
4.101895521538658329e+01
3.969639335924861712e+01
4.306502546448775348e+01
4.104538715751098721e+01
3.637685599149834559e+01
3.689251620078420757e+01
4.390558484651555915e+01
3.672241119661239139e+01
3.846681109712280033e+01
4.198996925423197268e+01
4.619137757857951954e+01
4.470246325419207523e+01
4.532590597100006136e+01
3.843602823513549538e+01
4.943803413561398230e+01
4.456645115747985386e+01
3.816959039383667118e+01
4.153148383620481354e+01
3.477291156626091606e+01
3.999888102321219918e+01
4.714617712350862178e+01
4.169941443579843821e+01
4.504163233024234358e+01
3.919965753469656988e+01
4.312158623017121073e+01
4.465986145145768660e+01
3.584974649639552524e+01
3.650284302088678601e+01
4.055075527527110069e+01
4.648180467069724386e+01
4.012321399267103317e+01
4.396527322088738288e+01
4.239099887849063464e+01
4.686574679237049423e+01
4.412496729641578952e+01
3.924331743995811195e+01
3.860081837370183422e+01
4.242884869778379908e+01
4.199600866404203003e+01
3.885363132319073998e+01
4.029770395215679457e+01
4.130582290284230140e+01
3.875114013811206348e+01
4.236686417699154816e+01
4.423230950928394378e+01
4.600528649871301212e+01
4.304957174372091799e+01
4.150040485531403789e+01
3.867329682815417158e+01
4.181203339788493167e+01
4.831750768033081300e+01
3.609028269962294644e+01
4.436817061571127851e+01
4.508747312744296920e+01
4.438143783303208068e+01
4.236481540901766607e+01
4.010448191530969808e+01
3.840533408899299417e+01
3.916771915023021933e+01
4.689656909181436362e+01
4.432551794274460377e+01
4.251747087138760151e+01
3.976804837996741782e+01
4.513491501122557281e+01
4.140570143972504980e+01
4.014407399802508536e+01
4.333464120373218975e+01
4.395853311816129860e+01
3.982521866001706456e+01
4.629787780452781476e+01
3.607378626946953659e+01
4.031554595899751092e+01
4.403384499799873453e+01
4.896072515525333557e+01
4.461663496238181636e+01
4.228348356382544893e+01
4.018271816046832612e+01
4.650102044918769195e+01
4.116785271522939382e+01
4.168697286328709595e+01
4.512466222290265705e+01
4.134981650673991993e+01
4.271726525338674918e+01
4.207733795379444075e+01
4.487507813512929999e+01
4.581132422763970169e+01
4.205236143410574812e+01
3.577498225111287411e+01
4.603069415009543519e+01
4.641290678513485091e+01
4.535057995490923588e+01
4.589538464089305592e+01
4.016168040261551653e+01
4.302399137767611137e+01
4.083053550542597065e+01
4.585155478804667695e+01
4.178813806810293840e+01
4.211304536240300678e+01
4.211460487228138305e+01
4.550600418453858254e+01
3.910724232363716624e+01
4.609365490295559908e+01
3.922269029470569990e+01
4.096841011219981965e+01
4.135140542706731992e+01
3.728221865344020358e+01
3.874413775777137658e+01
4.614432112386512586e+01
4.393595379730552963e+01
4.059141186156313807e+01
3.640206857057422241e+01
4.247696771974987939e+01
4.235159820910789819e+01
3.984554401736932050e+01
4.689459378609684137e+01
4.108398606491519445e+01
5.043875003160961512e+01
3.994351530958921614e+01
4.316601998389986505e+01
3.608688533834375534e+01
3.802452921977379674e+01
3.999920055505117489e+01
4.106527044589865483e+01
3.976567617600223059e+01
4.155488830078339646e+01
4.567658972233222414e+01
4.306568532529686877e+01
5.021666878184005611e+01
4.137256283578602734e+01
4.146200991919069168e+01
3.800687593434865619e+01
4.527143636552609962e+01
4.192379525985258937e+01
4.437175971238139738e+01
4.623461532960837417e+01
4.059008800881922951e+01
4.429810147916616359e+01
4.301832779241788529e+01
4.297592805481117040e+01
4.217113975261320746e+01
3.944928737233951210e+01
3.830278925336627083e+01
4.057041726030110596e+01
4.844065946996524019e+01
3.952899050240085188e+01
3.288609318119233649e+01
4.362534025089365031e+01
4.985655710934905471e+01
3.674304249596202965e+01
4.510203242887588004e+01
4.028193399423762600e+01
4.018663722708511443e+01
4.172400812879043741e+01
4.048328514909641740e+01
4.658458748265741889e+01
4.457085613502079013e+01
3.831875833546682486e+01
3.617088756887935119e+01
4.654380675309511872e+01
4.605674514684982057e+01
4.726496780743134707e+01
4.620426269903639138e+01
4.519870192475317339e+01
4.222693562235087938e+01
4.309344460913914787e+01
4.207368984117027821e+01
4.345452717964083433e+01
4.397629258219903647e+01
4.539431171470258874e+01
4.043239566269033958e+01
4.193342455628022947e+01
3.681208533414707773e+01
4.508092443408273198e+01
3.903219091683157416e+01
4.713963840257865456e+01
4.218780272018081945e+01
3.969691603906147037e+01
4.443386827700755504e+01
4.717012491323228573e+01
4.111399040121701631e+01
3.975866921178448621e+01
4.309485245311673651e+01
4.022863626338688903e+01
4.078767721117012712e+01
4.546193684894409159e+01
4.089180073895160206e+01
3.871104495753065322e+01
4.568891530676525292e+01
4.262350271719954264e+01
4.224534357597072898e+01
4.161041941700273128e+01
4.376597932802533109e+01
4.485876761409445379e+01
4.337231043963613075e+01
5.405127071984335885e+01
4.216709801503825616e+01
4.138878647243998898e+01
4.416154016392896864e+01
3.796952164712566713e+01
4.437074307673718465e+01
3.969298953966935528e+01
4.038741092749547335e+01
4.261735276454245280e+01
4.739898107254730775e+01
3.826526636068154374e+01
4.022515148966557064e+01
4.417235858885372579e+01
4.400805119554607359e+01
4.994214591182456076e+01
4.043376157517238312e+01
4.203495650778627635e+01
4.107887880978725548e+01
4.495812565844064324e+01
4.630585900329688798e+01
4.464603014180184459e+01
4.194089481569015732e+01
4.199318112293737926e+01
4.007340745214233380e+01
4.139590195555562246e+01
4.050960964706180079e+01
4.119438059854343948e+01
4.939128703398928621e+01
3.948639873997857563e+01
4.397017917443787383e+01
4.027204417481210186e+01
4.682213089638732129e+01
4.948706271572897464e+01
4.483460166320599427e+01
4.611317063107173908e+01
4.040520520508183466e+01
3.478587101738649778e+01
3.966268443609909156e+01
4.618667102306029193e+01
4.049090125952571384e+01
4.505204243345528425e+01
4.502574108351202398e+01
4.067215633306662426e+01
3.842841848885097278e+01
4.270203596880497088e+01
4.825967392951245927e+01
4.029377321507339360e+01
4.788410826362300554e+01
4.289648053580640408e+01
4.149672507428606849e+01
3.805080783738426220e+01
4.673162523299737359e+01
4.350545827672204524e+01
4.117356816899987138e+01
4.214448205775154577e+01
4.018220179930975888e+01
4.446767826519715072e+01
4.269557978153315503e+01
4.210605779840958007e+01
3.961357159780692427e+01
4.407147260128618882e+01
4.576741980865516979e+01
4.323662319215068095e+01
4.213001501234026591e+01
4.822837832447339679e+01
3.810230974118734082e+01
3.726707635498746640e+01
3.759531719024342777e+01
4.115321247668430971e+01
4.468981045687001341e+01
4.177681564308910112e+01
4.253112837503171306e+01
4.274736371926297807e+01
3.753052118887313071e+01
4.348293528813545095e+01
4.601857875481574922e+01
4.360000707483089855e+01
3.741896889508027613e+01
4.354871312358428526e+01
4.200532812357334933e+01
4.253111052734026742e+01
4.497014317753230017e+01
4.277968065829335842e+01
4.038669034595692153e+01
4.586768213889527601e+01
4.412429383814588846e+01
4.367645915141500979e+01
4.683447444133884829e+01
4.275421313965576786e+01
4.240113605847616185e+01
4.317244779007167210e+01
4.046504624902130587e+01
4.313198505678494143e+01
4.505219052506749478e+01
4.527564990257510402e+01
4.176678981770073307e+01
4.587565649527800815e+01
4.249096595591238668e+01
4.368903781000283004e+01
4.180500099724361718e+01
3.986311558313018111e+01
3.887406248024476696e+01
4.651443344062306551e+01
5.078741871478474224e+01
4.063855999643584482e+01
4.303893448822690715e+01
3.927400528305743421e+01
4.319128722662895825e+01
4.348157793577632901e+01
4.112322991419479479e+01
4.016328042788478569e+01
4.379039463936644694e+01
4.003256505115968622e+01
4.050927463380845950e+01
4.757952960329541270e+01
3.872214559758669594e+01
4.477445476893250742e+01
4.495164402501302447e+01
4.309152992658900416e+01
4.425350913876549441e+01
4.155318056886144973e+01
3.954079906340469819e+01
3.924050673988217142e+01
4.215696355742944945e+01
4.460248228296061512e+01
4.468155254183839276e+01
4.610542571835848236e+01
3.629732910765608267e+01
4.406689283604724494e+01
4.762743408877403795e+01
4.085158768987105304e+01
4.836501081737071672e+01
3.925307685441504191e+01
4.377349213071802581e+01
4.314751194641146981e+01
4.052511702448644115e+01
4.812480557329128317e+01
4.402197146683911910e+01
4.285291306201683170e+01
4.412685753078256568e+01
4.080845221425392566e+01
3.390862200778293811e+01
4.505373393401516324e+01
4.622146370691675088e+01
4.471850918058881064e+01
4.356059353825877167e+01
4.200555285248630355e+01
4.418461108541132631e+01
4.498841043896459269e+01
4.606682673760664670e+01
3.861973084024020153e+01
3.801180944412673313e+01
3.639544925773770956e+01
4.423666540045081064e+01
4.704209326662173396e+01
4.365535905637876368e+01
4.988920678284590338e+01
4.502224791614592192e+01
3.575311546667109042e+01
3.821633984720141797e+01
4.156487064802075793e+01
4.003323512819925156e+01
4.069485639163043089e+01
4.994596771105508282e+01
4.597457800304996312e+01
3.591225875301202564e+01
4.337504111575272958e+01
3.981905877054700937e+01
3.937004836600571167e+01
4.080083030707641711e+01
4.478757797913066696e+01
4.628230796753859977e+01
5.010784676962477135e+01
3.549442779338129839e+01
4.473959999915891217e+01
3.670862821825880218e+01
3.975267607259083746e+01
4.446090966542296741e+01
4.099939044573020652e+01
4.407678176080291621e+01
4.005314651536185977e+01
3.987354550634134398e+01
4.579414405866461379e+01
4.318608359203638258e+01
3.545940903601507443e+01
4.424405605796152230e+01
4.398612426573881606e+01
4.121699927462059776e+01
3.863828788564102013e+01
4.319740979994734431e+01
5.056877098165146833e+01
4.852865207581304219e+01
4.103926210468542735e+01
4.173852468435612195e+01
3.971782365729532671e+01
3.994404964298043126e+01
4.065278617679989281e+01
4.411039843385346870e+01
4.876414359653400510e+01
4.130478842860481592e+01
3.860819559618460062e+01
4.583580163892200687e+01
4.219983466738284505e+01
4.426001368442419448e+01
3.745397243846997526e+01
4.392818652534432999e+01
4.132173141048891551e+01
3.989708154888721481e+01
3.855737186672103434e+01
3.855289666996672793e+01
3.991689106059136094e+01
4.625548305034084251e+01
4.502620764120015195e+01
4.431731257757667208e+01
4.048046806179652179e+01
4.640049703742761977e+01
3.622189538880795112e+01
4.114973670624058144e+01
4.780158263357838422e+01
4.462097955138501959e+01
4.249561112758125603e+01
4.560025896719642446e+01
3.918792592092221128e+01
3.885115648131806410e+01
3.556239923730870345e+01
3.616971856077616110e+01
3.601226997360596727e+01
4.317695432153662694e+01
4.211942562086496622e+01
4.346597621741161532e+01
3.966764108600018801e+01
4.258671601085481484e+01
4.142332659609671452e+01
3.755504260286497242e+01
4.502093895258139611e+01
4.229911531849721484e+01
4.278358062734966438e+01
3.797601064996146647e+01
4.509046600450032827e+01
3.462701422759087677e+01
3.913036596385665433e+01
4.335865704935287113e+01
4.197727248746836892e+01
4.150913455582699640e+01
4.024669924202149218e+01
4.530463149873457951e+01
4.167872779443010955e+01
4.150358102183050590e+01
4.217817021636747654e+01
4.080684700565893763e+01
4.162810396339497032e+01
3.984823266036269018e+01
4.208532578708948790e+01
4.479416598159831153e+01
4.588300546917777467e+01
4.353433749821807197e+01
4.017073628848859101e+01
4.858756793162712739e+01
4.420178377733479635e+01
4.227035009435746105e+01
4.159211472412128074e+01
4.364770967483290320e+01
4.131500688287457734e+01
4.257868843009768511e+01
4.375853254332996300e+01
4.295415703551631736e+01
4.132040925603426729e+01
3.725714678996381224e+01
4.153750496946027937e+01
4.877801386869829514e+01
4.248306820706924469e+01
4.302265858629026951e+01
4.114822113502861356e+01
4.323871285564535327e+01
4.531512034632616803e+01
4.109859679191072956e+01
4.310764187337177589e+01
4.723060744805821543e+01
3.574604924852285848e+01
3.622769164066909298e+01
4.108993227945640569e+01
4.081368231224550414e+01
3.857399957049695871e+01
4.562144109357623734e+01
3.989419084337117027e+01
4.261074309688822837e+01
4.067007549776623421e+01
4.529568863092104891e+01
4.474788490998344770e+01
3.640225763020857386e+01
4.222662101958008662e+01
4.108970602203640965e+01
4.061355305396777027e+01
4.114677605552478923e+01
4.028938422899405936e+01
4.291119255109522612e+01
3.900699483194561168e+01
4.092505440053750476e+01
4.166049635823758024e+01
3.849708644194893736e+01
4.502327719375986703e+01
4.273601781023768353e+01
4.356880689018376529e+01
3.949299959401532334e+01
3.709623436391145646e+01
4.175156326317378586e+01
3.855455705798047461e+01
3.925713854987446894e+01
4.239208279079684871e+01
4.709718398165783526e+01
4.644491182353830538e+01
4.398153868161026026e+01
3.924018064479689372e+01
4.166931999969430223e+01
4.325776393670670217e+01
4.739993563820004852e+01
4.100520172201560598e+01
4.537531151199935664e+01
4.187609669444658778e+01
4.092963726064229490e+01
4.331549676756918643e+01
3.703971888852044003e+01
4.233670877478304106e+01
4.062386979262225850e+01
3.886929856332913857e+01
3.757065206916004030e+01
4.272684114312257009e+01
3.561486772487750585e+01
3.839934238110202358e+01
3.883592270671404378e+01
3.860607913340161446e+01
3.860208995819003519e+01
4.723370149870197565e+01
4.050006085197971117e+01
4.043374433599176143e+01
4.491848045076032037e+01
4.184652836833538458e+01
3.913610800567644077e+01
4.143781198321120485e+01
4.597105189282550697e+01
4.246718099047126316e+01
4.152517003599276535e+01
4.300179252374207550e+01
4.354812356262510065e+01
4.722506663272474015e+01
3.923004019445654933e+01
4.037142431462959991e+01
4.048578560192589038e+01
4.048529715088366032e+01
4.232391716678725402e+01
4.936095702882948899e+01
4.381153074648661772e+01
4.689351120824268548e+01
4.135052057107251500e+01
3.660566786983298471e+01
4.310614907186377565e+01
3.988513192626037096e+01
4.592932493276619965e+01
4.498544927924250203e+01
4.045571437752058586e+01
4.163074608646786601e+01
3.875916564446549728e+01
4.713052382069921720e+01
3.774847498553180003e+01
3.772767046660624146e+01
3.967121100206125561e+01
3.631602426897678981e+01
3.571040549785266904e+01
4.097380217015570025e+01
4.233924572709418044e+01
3.951170931768596262e+01
3.857347527201677906e+01
4.665169517502993557e+01
3.984224811394565080e+01
3.841203740338117711e+01
4.551759293952594021e+01
3.816429784790552304e+01
4.008115730160930923e+01
4.376059410518583093e+01
3.961192232704532046e+01
3.898314008660729257e+01
4.377242275503802205e+01
4.042353766144716332e+01
4.357291583694395598e+01
4.375559698562482680e+01
3.989376987952027065e+01
4.712030059976620322e+01
4.702085713298968983e+01
4.096004519814278666e+01
3.732003030479462780e+01
4.413638204352269412e+01
4.314839951685880948e+01
4.140414070560338189e+01
3.848831820570021023e+01
4.676140613984011907e+01
4.707451227795018411e+01
4.342844525159794955e+01
4.982191241198477627e+01
3.688903778986928472e+01
4.143715114445333114e+01
4.283983923293283169e+01
3.764289314599849234e+01
4.675864936737295352e+01
4.493715477200488806e+01
3.796132655130549693e+01
4.712820985782460781e+01
4.349030206574428092e+01
3.636917413348943739e+01
4.860297332791137137e+01
4.695544232588743228e+01
4.494780557635063900e+01
4.346227392824836500e+01
4.223606577173367782e+01
4.726051002390379097e+01
4.635282684203856718e+01
3.767434407717628631e+01
4.415032517324927852e+01
3.897424484846752790e+01
4.445104434512728631e+01
4.130363426795759807e+01
4.041359362515558473e+01
3.941569588223528342e+01
4.542200736881266465e+01
4.282209047244401035e+01
4.545966199396327312e+01
4.241664958248622952e+01
3.858860228270658865e+01
4.028362775312351118e+01
4.216211800855749914e+01
4.055038798735203898e+01
4.072393171780351651e+01
4.117813128068154072e+01
3.584845087192994839e+01
4.543983869525622765e+01
3.684949119948480245e+01
3.951412831198456388e+01
4.482840059960805235e+01
4.469216285705326186e+01
3.986775141478678819e+01
4.391032234583780536e+01
4.335672495277484728e+01
3.495137016043809552e+01
3.853883239073855549e+01
4.588506422812542951e+01
4.519397536409442040e+01
3.866975583573432118e+01
3.775709262581361259e+01
4.700755821253431321e+01
4.611909313853769987e+01
4.006970720699568744e+01
4.114480019305106850e+01
4.198695987193151069e+01
4.676015047755802811e+01
4.583059165110585553e+01
4.302044018570521899e+01
4.365264748060013034e+01
3.805126130960168496e+01
4.153516944849488368e+01
4.072662232997550547e+01
3.920625296912874802e+01
4.302187691099118183e+01
4.538722995593770548e+01
4.556942967321631954e+01
4.193617467850840086e+01
4.296966071821399424e+01
4.187447655515113354e+01
4.766568885507092546e+01
4.320445782155380243e+01
4.626857159207568770e+01
4.269633347324981543e+01
4.067181117626775233e+01
3.893545151248872571e+01
5.130589243740575967e+01
3.938703927611065581e+01
3.926219082971373098e+01
4.042537235129502449e+01
4.480382249132014039e+01
4.347921610022547156e+01
4.339325099894918480e+01
4.427305442309211969e+01
4.112120363134954459e+01
3.567026911871292327e+01
3.950199978781361665e+01
4.064635031623191708e+01
4.630096441513406091e+01
4.112743934924890254e+01
3.927794373310008780e+01
3.963637723202577234e+01
3.703147766004533992e+01
3.998575305493144327e+01
4.456692763047621497e+01
4.356705950476629852e+01
4.236009316614340037e+01
4.184363816999440644e+01
4.377062176149055972e+01
4.133094430394177721e+01
4.034345302100454234e+01
3.955994465233980861e+01
4.103643705989075841e+01
4.444289900946371574e+01
3.965482322299207141e+01
4.388099100928344853e+01
4.499632275314430530e+01
4.284509883296815502e+01
4.057898265575533969e+01
4.057730867749974379e+01
4.339284603206253621e+01
4.302487937407277485e+01
4.118029532736298393e+01
4.554727934808713030e+01
3.686556205654247975e+01
3.714630008967507990e+01
3.688615659120314660e+01
4.318577852585762855e+01
4.346994963692846170e+01
4.099860782333816189e+01
4.201021393688611738e+01
4.695765511010267801e+01
4.670290724463058751e+01
4.366286625918912279e+01
3.687867597387276675e+01
4.414802345908080383e+01
4.352585396305871512e+01
4.024951651187274848e+01
4.318424533203237559e+01
4.323560666920229778e+01
3.455244273833523749e+01
3.735610145413217964e+01
4.510057022090133216e+01
3.966744728327745406e+01
4.106707002023654240e+01
3.730937767357455925e+01
4.176899041054212347e+01
4.450754501808200558e+01
4.108581313148868475e+01
4.504742486509132959e+01
4.176881093018669588e+01
4.789474044503784000e+01
4.317254760515764644e+01
3.908042957273621454e+01
3.889569171872498998e+01
4.762797753634654185e+01
4.098344041215395350e+01
4.180001143186201062e+01
4.437623967284562809e+01
4.574754998047249899e+01
4.167276311404117450e+01
4.624837957454438708e+01
4.153644868471447893e+01
3.609206356513862346e+01
4.351466849696205230e+01
3.981299598411003871e+01
4.128639270289224328e+01
3.946468142341289820e+01
3.983190864504454964e+01
4.175212391907544429e+01
4.206729702724040010e+01
4.145087201242403552e+01
4.026238878347177774e+01
4.027304434870247007e+01
4.030411122866747320e+01
3.850194571179329728e+01
4.774475016585558507e+01
4.083085624213399001e+01
4.227089205668214333e+01
3.737502983453216387e+01
4.211267095217046119e+01
3.987769526229865846e+01
4.581968653473213493e+01
3.667029456128827292e+01
3.918858320664774908e+01
3.902922363478322154e+01
4.560960898077888714e+01
3.990888839671158905e+01
4.283934739851702744e+01
4.381426037370263060e+01
3.811717078916056067e+01
3.914148361863663439e+01
4.190883250386255554e+01
3.520606980793003515e+01
4.552271112865818026e+01
4.311475262436002964e+01
4.233784211154660682e+01
3.892040602223066514e+01
4.270021406690208465e+01
4.063897082914870396e+01
4.394823089820894779e+01
3.760863856166562158e+01
4.603392721238375174e+01
3.475188072751623025e+01
4.236243320036452786e+01
4.645845658357200136e+01
3.714856232628925170e+01
4.355212451486536196e+01
3.948261116339362786e+01
4.472194058281073836e+01
3.782855805438469332e+01
3.937454357192568466e+01
4.481786460506356207e+01
4.355476932252577171e+01
4.705011033616219152e+01
4.215458170457718978e+01
3.855675131031518532e+01
3.880293210226328426e+01
4.642071950507575195e+01
3.975663688744073454e+01
4.778622563362281994e+01
3.742387797482566469e+01
4.042198910351874730e+01
4.328872030645307944e+01
3.741317136609476535e+01
4.345800638755560641e+01
4.480424031995757161e+01
4.659060229259925734e+01
5.287595848198346715e+01
4.110562593218703142e+01
4.214940815738436442e+01
4.602131599328058797e+01
3.667263221366196291e+01
4.205031473727765245e+01
3.994158421326535091e+01
4.548267112492040098e+01
4.167449858133828400e+01
4.640684656891364313e+01
4.136546561763087482e+01
3.946331605732326153e+01
4.077246951758238680e+01
4.330160927252963887e+01
4.519089115368417708e+01
3.919775455923503671e+01
4.082991326770073215e+01
3.996558522612461672e+01
4.247485166563072312e+01
3.683449961321071697e+01
4.244056307458176747e+01
4.400983499889435535e+01
4.096609805084365519e+01
4.417345080924111755e+01
4.441087102676865328e+01
3.614133096631556441e+01
3.878371901426167057e+01
3.906635047793596982e+01
3.991842112779777096e+01
4.273614413917803745e+01
4.642646468582127284e+01
4.637679022944266194e+01
3.310561911019593850e+01
4.463679599964790867e+01
4.617840960798411487e+01
4.120374737279143318e+01
4.245578953914806419e+01
4.123073029832782055e+01
4.533557769179780905e+01
4.621101807837403896e+01
3.936485899500376462e+01
3.926835176908611658e+01
4.594275681191183480e+01
4.148190069086934528e+01
4.337485614518431021e+01
3.977727715992684665e+01
4.083209229983926036e+01
3.986274588224692650e+01
4.306690380854001887e+01
4.421199425553778894e+01
4.354345904017869628e+01
3.729004400287169574e+01
4.557793408404772606e+01
4.019429571079392360e+01
4.674947344320314357e+01
4.041289172472402669e+01
4.346238195308136198e+01
4.413149451992570960e+01
4.472049080726682035e+01
4.404030557736801654e+01
3.757840498237459315e+01
4.343207410099419263e+01
4.168597488027268128e+01
3.826167407982052993e+01
4.260123066718654172e+01
4.234152847758894467e+01
5.092815840891531565e+01
3.948840232740418799e+01
4.514479648036218862e+01
4.550070333323725436e+01
3.939354984791357595e+01
4.241504831005454434e+01
4.594467321735853460e+01
4.589575218749718033e+01
4.340661854312058665e+01
4.314249724849836554e+01
4.600489683299228005e+01
3.944708632110515367e+01
3.666803931563001129e+01
4.527540100915207688e+01
